0
0
0
0
0
0
0
0
0
0
0
0
0
0
0
0
0
0
0
0
0
0
0
0
0
0
0
0
0
0
0
0
0
0
0
0
0
0
0
0
0
0
0
0
0
0
0
0
0
0
0
0
0
0
0
0
0
0
0
0
0
0
0
0
0
0
0
0
0
0
0
0
0
0
0
0
0
0
0
0
0
0
0
0
0
0
0
0
0
0
0
0
0
0
0
0
0
0
0
0
0
0
0
0
0
0
0
0
0
0
0
0
0
0
0
0
0
0
0
0
0
0
0
0
0
0
0
0
0
0
0
0
0
0
0
0
0
0
0
0
0
0
0
0
0
0
0
0
0
0
0
0
0
0
0
0
0
0
0
0
0
0
0
0
0
0
0
0
0
0
0
0
0
0
0
0
0
0
0
0
0
0
0
0
0
0
0
0
0
0
0
0
0
0
0
0
0
0
0
0
0
0
0
0
0
0
0
0
0
0
0
0
0
0
0
0
0
0
0
0
0
0
0
0
0
0
0
0
0
0
0
0
0
0
0
0
0
0
0
0
0
0
0
0
0
0
0
0
0
0
0
0
0
0
0
0
0
0
0
0
0
0
0
0
0
0
0
0
0
0
0
0
0
0
0
0
0
0
0
0
0
0
0
0
0
0
0
0
0
0
0
0
0
0
0
0
0
0
0
0
0
0
0
0
0
0
0
0
0
0
0
0
0
0
0
0
0
0
0
0
0
0
0
0
0
0
0
0
0
0
0
0
0
0
0
0
0
0
0
0
0
0
0
0
0
0
0
0
0
0
0
0
0
0
0
0
0
0
0
0
0
0
0
0
0
0
0
0
0
0
0
0
0
0
0
0
0
0
0
0
0
0
0
0
0
0
0
0
0
0
0
0
0
0
0
0
0
0
0
0
0
0
0
0
0
0
0
0
0
0
0
0
0
0
0
0
0
0
0
0
0
0
0
0
0
0
0
0
0
0
0
0
0
0
0
0
0
0
0
0
0
0
0
0
0
0
0
0
0
0
0
0
0
0
0
0
0
0
0
0
0
0
0
0
0
0
0
0
0
0
0
0
0
0
0
0
0
0
0
0
0
0
0
0
0
0
0
0
0
0
0
0
0
0
0
0
0
0
0
0
0
0
0
0
0
0
0
0
0
0
0
0
0
0
0
0
0
0
0
0
0
0
0
0
0
0
0
0
0
0
0
0
0
0
0
0
0
0
0
0
0
0
0
0
0
0
0
0
0
0
0
0
0
0
0
0
0
0
0
0
0
0
0
0
0
0
0
0
0
0
0
0
0
0
0
0
0
0
0
0
0
0
0
0
0
0
0
0
0
0
0
0
0
0
0
0
0
0
0
0
0
0
0
0
0
0
0
0
0
0
0
0
0
0
0
0
0
0
0
0
0
0
0
0
0
0
0
0
0
0
0
0
0
0
0
0
0
0
0
0
0
0
0
0
0
0
0
0
0
0
0
0
0
0
0
0
0
0
0
0
0
0
0
0
0
0
0
0
0
0
0
0
0
0
0
0
0
0
0
0
0
0
0
0
0
0
0
0
0
0
0
0
0
0
0
0
0
0
0
0
0
0
0
0
0
0
0
0
0
0
0
0
0
0
0
0
0
0
0
0
0
0
0
0
0
0
0
0
0
0
0
0
0
0
0
0
0
0
0
0
0
0
0
0
0
0
0
0
0
0
0
0
0
0
0
0
0
0
0
0
0
0
0
0
0
0
0
0
0
0
0
0
0
0
0
0
0
0
0
0
0
0
0
0
0
0
0
0
0
0
0
0
0
0
0
0
0
0
0
0
0
0
0
0
0
0
0
0
0
0
0
0
0
0
0
0
0
0
0
0
0
0
0
0
0
0
0
0
0
0
0
0
0
0
0
0
0
0
0
0
0
0
0
0
0
0
0
0
0
0
0
0
0
0
0
0
0
0
0
0
0
0
0
0
0
0
0
0
0
0
0
0
0
0
0
0
0
0
0
0
0
0
0
0
0
0
0
0
0
0
0
0
0
0
0
0
0
0
0
0
0
0
0
0
0
0
0
0
0
0
0
0
0
0
0
0
0
0
0
0
0
0
0
0
0
0
0
0
0
0
0
0
0
0
0
0
0
0
0
0
0
0
0
0
0
0
0
0
0
0
0
0
0
0
0
0
0
0
0
0
0
0
0
0
0
0
0
0
0
0
0
0
0
0
0
0
0
0
0
0
0
0
0
0
0
0
0
0
0
0
0
0
0
0
0
0
0
0
0
0
0
0
0
0
0
0
0
0
0
0
0
0
0
0
0
0
0
0
0
0
0
0
0
0
0
0
0
0
0
0
0
0
0
0
0
0
0
0
0
0
0
0
0
0
0
0
0
0
0
0
0
0
0
0
0
0
0
0
0
0
0
0
0
0
0
0
0
0
0
0
0
0
0
0
0
0
0
0
0
0
0
0
0
0
0
0
0
0
0
0
0
0
0
0
0
0
0
0
0
0
0
0
0
0
0
0
0
0
0
0
0
0
0
0
0
0
0
0
0
0
0
0
0
0
0
0
0
0
0
0
0
0
0
0
0
0
0
0
0
0
0
0
0
0
0
0
0
0
0
0
0
0
0
0
0
0
0
0
0
0
0
0
0
0
0
0
0
0
0
0
0
0
0
0
0
0
0
0
0
0
0
0
0
0
0
0
0
0
0
0
0
0
0
0
0
0
0
0
0
0
0
0
0
0
0
0
0
0
0
0
0
0
0
0
0
0
0
0
0
0
0
0
0
0
0
0
0
0
0
0
0
0
0
0
0
0
0
0
0
0
0
0
0
0
0
0
0
0
0
0
0
0
0
0
0
0
0
0
0
0
0
0
0
0
0
0
0
0
0
0
0
0
0
0
0
0
0
0
0
0
0
0
0
0
0
0
0
0
0
0
0
0
0
0
0
0
0
0
0
0
0
0
0
0
0
0
0
0
0
0
0
0
0
0
0
0
0
0
0
0
0
0
0
0
0
0
0
0
0
0
0
0
0
0
0
0
0
0
0
0
0
0
0
0
0
0
0
0
0
0
0
0
0
0
0
0
0
0
0
0
0
0
0
0
0
0
0
0
0
0
0
0
0
0
0
0
0
0
0
0
0
0
0
0
0
0
0
0
0
0
0
0
0
0
0
0
0
0
0
0
0
0
0
0
0
0
0
0
0
0
0
0
0
0
0
0
0
0
0
0
0
0
0
0
0
0
0
0
0
0
0
0
0
0
0
0
0
0
0
0
0
0
0
0
0
0
0
0
0
0
0
0
0
0
0
0
0
0
0
0
0
0
0
0
0
0
0
0
0
0
0
0
0
0
0
0
0
0
0
0
0
0
0
0
0
0
0
0
0
0
0
0
0
0
0
0
0
0
0
0
0
0
0
0
0
0
0
0
0
0
0
0
0
0
0
0
0
0
0
0
0
0
0
0
0
0
0
0
0
0
0
0
0
0
0
0
0
0
0
0
0
0
0
0
0
0
0
0
0
0
0
0
0
0
0
0
0
0
0
0
0
0
0
0
0
0
0
0
0
0
0
0
0
0
0
0
0
0
0
0
0
0
0
0
0
0
0
0
0
0
0
0
0
0
0
0
0
0
0
0
0
0
0
0
0
0
0
0
0
0
0
0
0
0
0
0
0
0
0
0
0
0
0
0
0
0
0
0
0
0
0
0
0
0
0
0
0
0
0
0
0
0
0
0
0
0
0
0
0
0
0
0
0
0
0
0
0
0
0
0
0
0
0
0
0
0
0
0
0
0
0
0
0
0
0
0
0
0
0
0
0
0
0
0
0
0
0
0
0
0
0
0
0
0
0
0
0
0
0
0
0
0
0
0
0
0
0
0
0
0
0
0
0
0
0
0
0
0
0
0
0
0
0
0
0
0
0
0
0
0
0
0
0
0
0
0
0
0
0
0
0
0
0
0
0
0
0
0
0
0
0
0
0
0
0
0
0
0
0
0
0
0
0
0
0
0
0
0
0
0
0
0
0
0
0
0
0
0
0
0
0
0
0
0
0
0
0
0
0
0
0
0
0
0
0
0
0
0
0
0
0
0
0
0
0
0
0
0
0
0
0
0
0
0
0
0
0
0
0
0
0
0
0
0
0
0
0
0
0
0
0
0
0
0
0
0
0
0
0
0
0
0
0
0
0
0
0
0
0
0
0
0
0
0
0
0
0
0
0
0
0
0
0
0
0
0
0
0
0
0
0
0
0
0
0
0
0
0
0
0
0
0
0
0
0
0
0
0
0
0
0
0
0
0
0
0
0
0
0
0
0
0
0
0
0
0
0
0
0
0
0
0
0
0
0
0
0
0
0
0
0
0
0
0
0
0
0
0
0
0
0
0
0
0
0
0
0
0
0
0
0
0
0
0
0.2
0.199002
0.19801
0.197022
0.19604
0.195062
0.194089
0.193121
0.192158
0.191199
0.190246
0.189297
0.188353
0.187413
0.186479
0.185549
0.184623
0.183702
0.182786
0.181875
0.180967
0.180065
0.179167
0.178273
0.177384
0.176499
0.175619
0.174743
0.173872
0.173004
0.172142
0.171283
0.170429
0.169579
0.168733
0.167891
0.167054
0.166221
0.165392
0.164567
0.163746
0.162929
0.162117
0.161308
0.160504
0.159703
0.158907
0.158114
0.157326
0.156541
0.15576
0.154983
0.15421
0.153441
0.152676
0.151914
0.151157
0.150403
0.149653
0.148906
0.148164
0.147425
0.146689
0.145958
0.14523
0.144505
0.143785
0.143068
0.142354
0.141644
0.140938
0.140235
0.139535
0.138839
0.138147
0.137458
0.136772
0.13609
0.135411
0.134736
0.134064
0.133395
0.13273
0.132068
0.131409
0.130754
0.130102
0.129453
0.128807
0.128165
0.127526
0.12689
0.126257
0.125627
0.125
0.124377
0.123757
0.123139
0.122525
0.121914
0.121306
0.120701
0.120099
0.1195
0.118904
0.118311
0.117721
0.117134
0.11655
0.115968
0.11539
0.114814
0.114242
0.113672
0.113105
0.112541
0.11198
0.111421
0.110865
0.110313
0.109762
0.109215
0.10867
0.108128
0.107589
0.107052
0.106518
0.105987
0.105458
0.104933
0.104409
0.103888
0.10337
0.102855
0.102342
0.101831
0.101323
0.100818
0.100315
0.0998149
0.0993171
0.0988217
0.0983288
0.0978384
0.0973505
0.0968649
0.0963818
0.0959011
0.0954228
0.0949469
0.0944733
0.0940021
0.0935333
0.0930668
0.0926026
0.0921408
0.0916812
0.0912239
0.090769
0.0903162
0.0898658
0.0894176
0.0889716
0.0885279
0.0880863
0.087647
0.0872099
0.0867749
0.0863421
0.0859115
0.085483
0.0850566
0.0846324
0.0842103
0.0837903
0.0833724
0.0829566
0.0825428
0.0821312
0.0817215
0.0813139
0.0809084
0.0805048
0.0801033
0.0797038
0.0793063
0.0789107
0.0785172
0.0781256
0.0777359
0.0773482
0.0769624
0.0765786
0.0761966
0.0758166
0.0754385
0.0750622
0.0746878
0.0743153
0.0739447
0.0735759
0.0732089
0.0728438
0.0724805
0.072119
0.0717593
0.0714014
0.0710453
0.0706909
0.0703384
0.0699875
0.0696385
0.0692912
0.0689456
0.0686017
0.0682596
0.0679191
0.0675804
0.0672433
0.0669079
0.0665742
0.0662422
0.0659118
0.0655831
0.065256
0.0649305
0.0646067
0.0642844
0.0639638
0.0636448
0.0633274
0.0630115
0.0626972
0.0623845
0.0620734
0.0617638
0.0614557
0.0611492
0.0608443
0.0605408
0.0602388
0.0599384
0.0596395
0.059342
0.059046
0.0587515
0.0584585
0.058167
0.0578768
0.0575882
0.057301
0.0570152
0.0567308
0.0564479
0.0561663
0.0558862
0.0556075
0.0553301
0.0550542
0.0547796
0.0545064
0.0542345
0.053964
0.0536949
0.0534271
0.0531606
0.0528955
0.0526316
0.0523691
0.0521079
0.0518481
0.0515895
0.0513322
0.0510761
0.0508214
0.0505679
0.0503157
0.0500648
0.0498151
0.0495666
0.0493194
0.0490734
0.0488287
0.0485851
0.0483428
0.0481017
0.0478618
0.0476231
0.0473856
0.0471492
0.0469141
0.0466801
0.0464473
0.0462156
0.0459851
0.0457557
0.0455275
0.0453005
0.0450745
0.0448497
0.044626
0.0444035
0.044182
0.0439616
0.0437424
0.0435242
0.0433071
0.0430911
0.0428762
0.0426624
0.0424496
0.0422379
0.0420272
0.0418176
0.041609
0.0414015
0.041195
0.0409896
0.0407851
0.0405817
0.0403793
0.0401779
0.0399775
0.0397781
0.0395797
0.0393823
0.0391859
0.0389905
0.038796
0.0386025
0.03841
0.0382184
0.0380278
0.0378381
0.0376494
0.0374616
0.0372748
0.0370889
0.0369039
0.0367198
0.0365367
0.0363545
0.0361732
0.0359927
0.0358132
0.0356346
0.0354569
0.03528
0.0351041
0.034929
0.0347548
0.0345814
0.034409
0.0342374
0.0340666
0.0338967
0.0337276
0.0335594
0.033392
0.0332255
0.0330598
0.0328949
0.0327308
0.0325676
0.0324052
0.0322435
0.0320827
0.0319227
0.0317635
0.0316051
0.0314474
0.0312906
0.0311345
0.0309792
0.0308247
0.030671
0.030518
0.0303658
0.0302144
0.0300637
0.0299137
0.0297645
0.0296161
0.0294684
0.0293214
0.0291752
0.0290296
0.0288849
0.0287408
0.0285974
0.0284548
0.0283129
0.0281717
0.0280312
0.0278914
0.0277523
0.0276138
0.0274761
0.0273391
0.0272027
0.0270671
0.0269321
0.0267977
0.0266641
0.0265311
0.0263988
0.0262671
0.0261361
0.0260057
0.025876
0.025747
0.0256186
0.0254908
0.0253637
0.0252372
0.0251113
0.024986
0.0248614
0.0247374
0.024614
0.0244913
0.0243691
0.0242476
0.0241267
0.0240063
0.0238866
0.0237675
0.0236489
0.023531
0.0234136
0.0232968
0.0231806
0.023065
0.02295
0.0228355
0.0227216
0.0226083
0.0224955
0.0223833
0.0222717
0.0221606
0.0220501
0.0219401
0.0218307
0.0217218
0.0216135
0.0215057
0.0213984
0.0212917
0.0211855
0.0210798
0.0209747
0.0208701
0.020766
0.0206624
0.0205594
0.0204568
0.0203548
0.0202533
0.0201523
0.0200518
0.0199518
0.0198523
0.0197532
0.0196547
0.0195567
0.0194591
0.0193621
0.0192655
0.0191694
0.0190738
0.0189787
0.018884
0.0187899
0.0186961
0.0186029
0.0185101
0.0184178
0.0183259
0.0182345
0.0181436
0.0180531
0.0179631
0.0178735
0.0177843
0.0176956
0.0176074
0.0175195
0.0174322
0.0173452
0.0172587
0.0171726
0.017087
0.0170018
0.016917
0.0168326
0.0167486
0.0166651
0.016582
0.0164993
0.016417
0.0163351
0.0162536
0.0161726
0.0160919
0.0160117
0.0159318
0.0158523
0.0157733
0.0156946
0.0156163
0.0155384
0.0154609
0.0153838
0.0153071
0.0152308
0.0151548
0.0150792
0.015004
0.0149292
0.0148547
0.0147806
0.0147069
0.0146336
0.0145606
0.014488
0.0144157
0.0143438
0.0142723
0.0142011
0.0141302
0.0140598
0.0139896
0.0139199
0.0138504
0.0137814
0.0137126
0.0136442
0.0135762
0.0135085
0.0134411
0.0133741
0.0133074
0.013241
0.013175
0.0131092
0.0130439
0.0129788
0.0129141
0.0128497
0.0127856
0.0127218
0.0126584
0.0125952
0.0125324
0.0124699
0.0124077
0.0123458
0.0122842
0.012223
0.012162
0.0121014
0.012041
0.0119809
0.0119212
0.0118617
0.0118026
0.0117437
0.0116851
0.0116269
0.0115689
0.0115112
0.0114538
0.0113966
0.0113398
0.0112832
0.011227
0.011171
0.0111152
0.0110598
0.0110046
0.0109498
0.0108951
0.0108408
0.0107867
0.0107329
0.0106794
0.0106261
0.0105731
0.0105204
0.0104679
0.0104157
0.0103638
0.0103121
0.0102607
0.0102095
0.0101586
0.0101079
0.0100575
0.0100073
0.00995741
0.00990775
0.00985834
0.00980917
0.00976024
0.00971156
0.00966313
0.00961493
0.00956698
0.00951926
0.00947178
0.00942454
0.00937754
0.00933077
0.00928423
0.00923793
0.00919185
0.00914601
0.00910039
0.009055
0.00900984
0.0089649
0.00892019
0.0088757
0.00883143
0.00878739
0.00874356
0.00869995
0.00865656
0.00861338
0.00857043
0.00852768
0.00848515
0.00844283
0.00840072
0.00835882
0.00831713
0.00827565
0.00823437
0.00819331
0.00815244
0.00811178
0.00807132
0.00803107
0.00799101
0.00795116
0.0079115
0.00787204
0.00783278
0.00779371
0.00775484
0.00771616
0.00767768
0.00763939
0.00760129
0.00756337
0.00752565
0.00748812
0.00745077
0.00741361
0.00737663
0.00733984
0.00730323
0.00726681
0.00723057
0.0071945
0.00715862
0.00712292
0.00708739
0.00705204
0.00701687
0.00698187
0.00694705
0.0069124
0.00687793
0.00684362
0.00680949
0.00677553
0.00674174
0.00670811
0.00667465
0.00664136
0.00660824
0.00657528
0.00654249
0.00650986
0.00647739
0.00644508
0.00641294
0.00638095
0.00634913
0.00631746
0.00628595
0.0062546
0.00622341
0.00619237
0.00616148
0.00613075
0.00610017
0.00606975
0.00603948
0.00600935
0.00597938
0.00594956
0.00591989
0.00589036
0.00586098
0.00583175
0.00580267
0.00577372
0.00574493
0.00571627
0.00568776
0.0056594
0.00563117
0.00560309
0.00557514
0.00554733
0.00551967
0.00549214
0.00546474
0.00543749
0.00541037
0.00538339
0.00535654
0.00532982
0.00530324
0.00527679
0.00525047
0.00522428
0.00519823
0.0051723
0.0051465
0.00512083
0.00509529
0.00506988
0.00504459
0.00501943
0.0049944
0.00496949
0.00494471
0.00492004
0.0048955
0.00487109
0.00484679
0.00482262
0.00479857
0.00477463
0.00475082
0.00472713
0.00470355
0.00468009
0.00465675
0.00463352
0.00461041
0.00458742
0.00456454
0.00454177
0.00451912
0.00449658
0.00447415
0.00445184
0.00442964
0.00440754
0.00438556
0.00436369
0.00434192
0.00432027
0.00429872
0.00427728
0.00425595
0.00423472
0.0042136
0.00419258
0.00417167
0.00415087
0.00413017
0.00410957
0.00408907
0.00406867
0.00404838
0.00402819
0.0040081
0.00398811
0.00396822
0.00394843
0.00392873
0.00390914
0.00388964
0.00387024
0.00385094
0.00383173
0.00381262
0.00379361
0.00377469
0.00375586
0.00373713
0.00371849
0.00369994
0.00368149
0.00366313
0.00364486
0.00362668
0.00360859
0.00359059
0.00357268
0.00355487
0.00353714
0.00351949
0.00350194
0.00348447
0.0034671
0.0034498
0.0034326
0.00341548
0.00339844
0.00338149
0.00336463
0.00334785
0.00333115
0.00331454
0.003298
0.00328155
0.00326519
0.0032489
0.0032327
0.00321658
0.00320053
0.00318457
0.00316869
0.00315288
0.00313716
0.00312151
0.00310594
0.00309045
0.00307504
0.0030597
0.00304444
0.00302926
0.00301415
0.00299912
0.00298416
0.00296927
0.00295446
0.00293973
0.00292507
0.00291048
0.00289596
0.00288152
0.00286715
0.00285285
0.00283862
0.00282446
0.00281037
0.00279636
0.00278241
0.00276853
0.00275472
0.00274099
0.00272731
0.00271371
0.00270018
0.00268671
0.00267331
0.00265998
0.00264671
0.00263351
0.00262037
0.00260731
0.0025943
0.00258136
0.00256849
0.00255568
0.00254293
0.00253025
0.00251763
0.00250507
0.00249258
0.00248015
0.00246778
0.00245547
0.00244322
0.00243104
0.00241891
0.00240685
0.00239484
0.0023829
0.00237101
0.00235919
0.00234742
0.00233571
0.00232406
0.00231247
0.00230094
0.00228946
0.00227804
0.00226668
0.00225538
0.00224413
0.00223294
0.0022218
0.00221072
0.00219969
0.00218872
0.0021778
0.00216694
0.00215614
0.00214538
0.00213468
0.00212403
0.00211344
0.0021029
0.00209241
0.00208198
0.00207159
0.00206126
0.00205098
0.00204075
0.00203057
0.00202044
0.00201037
0.00200034
0.00199036
0.00198044
0.00197056
0.00196073
0.00195095
0.00194122
0.00193154
0.00192191
0.00191232
0.00190278
0.00189329
0.00188385
0.00187445
0.00186511
0.0018558
0.00184655
0.00183734
0.00182817
0.00181906
0.00180998
0.00180096
0.00179197
0.201783
0.200777
0.199775
0.198779
0.197787
0.196801
0.195819
0.194843
0.193871
0.192904
0.191942
0.190985
0.190032
0.189084
0.188141
0.187203
0.186269
0.18534
0.184416
0.183496
0.182581
0.18167
0.180764
0.179863
0.178965
0.178073
0.177185
0.176301
0.175422
0.174547
0.173676
0.17281
0.171948
0.171091
0.170237
0.169388
0.168543
0.167703
0.166866
0.166034
0.165206
0.164382
0.163562
0.162746
0.161935
0.161127
0.160323
0.159524
0.158728
0.157936
0.157149
0.156365
0.155585
0.154809
0.154037
0.153269
0.152504
0.151744
0.150987
0.150234
0.149485
0.148739
0.147997
0.147259
0.146525
0.145794
0.145067
0.144343
0.143623
0.142907
0.142194
0.141485
0.140779
0.140077
0.139378
0.138683
0.137992
0.137303
0.136619
0.135937
0.135259
0.134585
0.133913
0.133245
0.132581
0.13192
0.131262
0.130607
0.129956
0.129307
0.128663
0.128021
0.127382
0.126747
0.126115
0.125486
0.12486
0.124237
0.123618
0.123001
0.122388
0.121777
0.12117
0.120565
0.119964
0.119366
0.11877
0.118178
0.117589
0.117002
0.116419
0.115838
0.11526
0.114685
0.114113
0.113544
0.112978
0.112415
0.111854
0.111296
0.110741
0.110189
0.109639
0.109092
0.108548
0.108007
0.107468
0.106932
0.106399
0.105868
0.10534
0.104815
0.104292
0.103772
0.103254
0.102739
0.102227
0.101717
0.10121
0.100705
0.100202
0.0997027
0.0992055
0.0987107
0.0982183
0.0977285
0.0972411
0.0967561
0.0962735
0.0957933
0.0953156
0.0948402
0.0943672
0.0938965
0.0934282
0.0929622
0.0924986
0.0920372
0.0915782
0.0911214
0.090667
0.0902148
0.0897648
0.0893171
0.0888716
0.0884284
0.0879873
0.0875485
0.0871119
0.0866774
0.0862451
0.0858149
0.0853869
0.0849611
0.0845373
0.0841157
0.0836962
0.0832787
0.0828634
0.0824501
0.0820389
0.0816297
0.0812226
0.0808175
0.0804144
0.0800133
0.0796142
0.0792172
0.0788221
0.0784289
0.0780378
0.0776486
0.0772613
0.0768759
0.0764925
0.076111
0.0757314
0.0753537
0.0749779
0.0746039
0.0742318
0.0738616
0.0734932
0.0731267
0.0727619
0.072399
0.0720379
0.0716787
0.0713212
0.0709654
0.0706115
0.0702593
0.0699089
0.0695602
0.0692133
0.0688681
0.0685246
0.0681828
0.0678428
0.0675044
0.0671677
0.0668327
0.0664994
0.0661677
0.0658377
0.0655094
0.0651826
0.0648575
0.0645341
0.0642122
0.0638919
0.0635733
0.0632562
0.0629407
0.0626268
0.0623144
0.0620036
0.0616944
0.0613867
0.0610805
0.0607759
0.0604728
0.0601712
0.059871
0.0595724
0.0592753
0.0589797
0.0586855
0.0583928
0.0581016
0.0578118
0.0575235
0.0572366
0.0569511
0.0566671
0.0563844
0.0561032
0.0558234
0.055545
0.0552679
0.0549923
0.054718
0.0544451
0.0541736
0.0539034
0.0536345
0.053367
0.0531009
0.052836
0.0525725
0.0523103
0.0520494
0.0517898
0.0515315
0.0512745
0.0510187
0.0507643
0.0505111
0.0502592
0.0500085
0.0497591
0.0495109
0.049264
0.0490183
0.0487738
0.0485305
0.0482885
0.0480476
0.047808
0.0475696
0.0473323
0.0470962
0.0468613
0.0466276
0.0463951
0.0461637
0.0459334
0.0457043
0.0454764
0.0452496
0.0450239
0.0447993
0.0445759
0.0443536
0.0441323
0.0439122
0.0436932
0.0434753
0.0432585
0.0430427
0.042828
0.0426144
0.0424019
0.0421904
0.04198
0.0417706
0.0415623
0.041355
0.0411487
0.0409435
0.0407393
0.0405361
0.0403339
0.0401328
0.0399326
0.0397334
0.0395353
0.0393381
0.0391419
0.0389467
0.0387524
0.0385591
0.0383668
0.0381755
0.0379851
0.0377956
0.0376071
0.0374195
0.0372329
0.0370472
0.0368624
0.0366786
0.0364956
0.0363136
0.0361325
0.0359523
0.035773
0.0355946
0.035417
0.0352404
0.0350646
0.0348897
0.0347157
0.0345426
0.0343703
0.0341989
0.0340283
0.0338586
0.0336897
0.0335217
0.0333545
0.0331882
0.0330226
0.0328579
0.032694
0.032531
0.0323687
0.0322073
0.0320467
0.0318868
0.0317278
0.0315695
0.0314121
0.0312554
0.0310995
0.0309444
0.0307901
0.0306365
0.0304837
0.0303317
0.0301804
0.0300299
0.0298801
0.0297311
0.0295828
0.0294353
0.0292884
0.0291424
0.028997
0.0288524
0.0287085
0.0285653
0.0284228
0.0282811
0.02814
0.0279997
0.02786
0.0277211
0.0275828
0.0274452
0.0273084
0.0271722
0.0270366
0.0269018
0.0267676
0.0266341
0.0265013
0.0263691
0.0262376
0.0261067
0.0259765
0.025847
0.025718
0.0255898
0.0254622
0.0253352
0.0252088
0.0250831
0.024958
0.0248335
0.0247096
0.0245864
0.0244638
0.0243418
0.0242203
0.0240995
0.0239793
0.0238598
0.0237408
0.0236223
0.0235045
0.0233873
0.0232707
0.0231546
0.0230391
0.0229242
0.0228099
0.0226961
0.0225829
0.0224703
0.0223582
0.0222467
0.0221357
0.0220253
0.0219155
0.0218062
0.0216974
0.0215892
0.0214815
0.0213744
0.0212678
0.0211617
0.0210562
0.0209511
0.0208466
0.0207427
0.0206392
0.0205363
0.0204339
0.0203319
0.0202305
0.0201296
0.0200292
0.0199293
0.0198299
0.019731
0.0196326
0.0195347
0.0194373
0.0193403
0.0192439
0.0191479
0.0190524
0.0189574
0.0188628
0.0187687
0.0186751
0.018582
0.0184893
0.0183971
0.0183053
0.018214
0.0181232
0.0180328
0.0179429
0.0178534
0.0177643
0.0176757
0.0175876
0.0174999
0.0174126
0.0173257
0.0172393
0.0171533
0.0170678
0.0169827
0.016898
0.0168137
0.0167298
0.0166464
0.0165634
0.0164808
0.0163986
0.0163168
0.0162354
0.0161544
0.0160738
0.0159937
0.0159139
0.0158345
0.0157556
0.015677
0.0155988
0.015521
0.0154436
0.0153665
0.0152899
0.0152136
0.0151378
0.0150623
0.0149871
0.0149124
0.014838
0.014764
0.0146904
0.0146171
0.0145442
0.0144717
0.0143995
0.0143277
0.0142562
0.0141851
0.0141144
0.014044
0.0139739
0.0139042
0.0138349
0.0137659
0.0136972
0.0136289
0.0135609
0.0134933
0.013426
0.013359
0.0132924
0.0132261
0.0131601
0.0130945
0.0130292
0.0129642
0.0128996
0.0128352
0.0127712
0.0127075
0.0126441
0.0125811
0.0125183
0.0124559
0.0123938
0.0123319
0.0122704
0.0122092
0.0121483
0.0120878
0.0120275
0.0119675
0.0119078
0.0118484
0.0117893
0.0117305
0.011672
0.0116138
0.0115559
0.0114982
0.0114409
0.0113838
0.011327
0.0112705
0.0112143
0.0111584
0.0111028
0.0110474
0.0109923
0.0109375
0.0108829
0.0108286
0.0107746
0.0107209
0.0106674
0.0106142
0.0105613
0.0105086
0.0104562
0.010404
0.0103521
0.0103005
0.0102491
0.010198
0.0101472
0.0100965
0.0100462
0.00999608
0.00994622
0.00989662
0.00984726
0.00979814
0.00974928
0.00970065
0.00965227
0.00960413
0.00955623
0.00950857
0.00946114
0.00941395
0.009367
0.00932028
0.0092738
0.00922755
0.00918152
0.00913573
0.00909016
0.00904483
0.00899972
0.00895483
0.00891017
0.00886573
0.00882151
0.00877751
0.00873373
0.00869017
0.00864683
0.00860371
0.00856079
0.0085181
0.00847561
0.00843334
0.00839128
0.00834943
0.00830779
0.00826635
0.00822512
0.0081841
0.00814328
0.00810267
0.00806225
0.00802204
0.00798203
0.00794222
0.00790261
0.0078632
0.00782398
0.00778496
0.00774613
0.00770749
0.00766905
0.0076308
0.00759274
0.00755487
0.00751719
0.0074797
0.0074424
0.00740528
0.00736834
0.00733159
0.00729503
0.00725864
0.00722244
0.00718642
0.00715058
0.00711491
0.00707943
0.00704412
0.00700899
0.00697403
0.00693925
0.00690464
0.0068702
0.00683593
0.00680184
0.00676791
0.00673416
0.00670057
0.00666715
0.0066339
0.00660081
0.00656789
0.00653514
0.00650254
0.00647011
0.00643784
0.00640573
0.00637378
0.00634199
0.00631036
0.00627889
0.00624757
0.00621641
0.00618541
0.00615456
0.00612386
0.00609332
0.00606293
0.00603269
0.0060026
0.00597266
0.00594288
0.00591323
0.00588374
0.0058544
0.0058252
0.00579614
0.00576724
0.00573847
0.00570985
0.00568137
0.00565304
0.00562484
0.00559679
0.00556887
0.0055411
0.00551346
0.00548597
0.0054586
0.00543138
0.00540429
0.00537734
0.00535052
0.00532383
0.00529728
0.00527086
0.00524457
0.00521841
0.00519238
0.00516649
0.00514072
0.00511508
0.00508957
0.00506418
0.00503893
0.00501379
0.00498879
0.00496391
0.00493915
0.00491451
0.00489
0.00486561
0.00484135
0.0048172
0.00479318
0.00476927
0.00474548
0.00472181
0.00469826
0.00467483
0.00465152
0.00462832
0.00460523
0.00458226
0.00455941
0.00453667
0.00451404
0.00449153
0.00446913
0.00444684
0.00442466
0.00440259
0.00438063
0.00435878
0.00433704
0.00431541
0.00429389
0.00427247
0.00425116
0.00422996
0.00420887
0.00418787
0.00416699
0.0041462
0.00412552
0.00410495
0.00408447
0.0040641
0.00404383
0.00402366
0.0040036
0.00398363
0.00396376
0.00394399
0.00392432
0.00390475
0.00388527
0.00386589
0.00384661
0.00382743
0.00380834
0.00378934
0.00377045
0.00375164
0.00373293
0.00371431
0.00369579
0.00367735
0.00365901
0.00364076
0.0036226
0.00360454
0.00358656
0.00356867
0.00355087
0.00353316
0.00351554
0.00349801
0.00348056
0.0034632
0.00344593
0.00342874
0.00341164
0.00339462
0.00337769
0.00336085
0.00334408
0.00332741
0.00331081
0.0032943
0.00327787
0.00326152
0.00324525
0.00322907
0.00321296
0.00319694
0.00318099
0.00316513
0.00314934
0.00313363
0.003118
0.00310245
0.00308698
0.00307158
0.00305626
0.00304102
0.00302585
0.00301076
0.00299575
0.0029808
0.00296594
0.00295114
0.00293643
0.00292178
0.00290721
0.00289271
0.00287828
0.00286392
0.00284964
0.00283543
0.00282129
0.00280722
0.00279321
0.00277928
0.00276542
0.00275163
0.00273791
0.00272425
0.00271066
0.00269714
0.00268369
0.00267031
0.00265699
0.00264374
0.00263055
0.00261743
0.00260438
0.00259139
0.00257846
0.0025656
0.00255281
0.00254007
0.0025274
0.0025148
0.00250226
0.00248978
0.00247736
0.002465
0.00245271
0.00244048
0.0024283
0.00241619
0.00240414
0.00239215
0.00238022
0.00236835
0.00235654
0.00234478
0.00233309
0.00232145
0.00230987
0.00229835
0.00228689
0.00227548
0.00226414
0.00225284
0.00224161
0.00223043
0.0022193
0.00220823
0.00219722
0.00218626
0.00217536
0.00216451
0.00215371
0.00214297
0.00213228
0.00212165
0.00211107
0.00210054
0.00209006
0.00207964
0.00206926
0.00205894
0.00204867
0.00203846
0.00202829
0.00201817
0.00200811
0.00199809
0.00198813
0.00197821
0.00196834
0.00195853
0.00194876
0.00193904
0.00192937
0.00191975
0.00191017
0.00190064
0.00189116
0.00188173
0.00187235
0.00186301
0.00185372
0.00184447
0.00183527
0.00182612
0.00181701
0.00180795
0.201799
0.200792
0.199791
0.198795
0.197803
0.196816
0.195835
0.194858
0.193886
0.192919
0.191957
0.191
0.190047
0.189099
0.188156
0.187218
0.186284
0.185355
0.18443
0.18351
0.182595
0.181685
0.180778
0.179877
0.17898
0.178087
0.177199
0.176315
0.175436
0.174561
0.17369
0.172824
0.171962
0.171104
0.170251
0.169402
0.168557
0.167716
0.166879
0.166047
0.165219
0.164395
0.163575
0.162759
0.161947
0.16114
0.160336
0.159536
0.158741
0.157949
0.157161
0.156377
0.155597
0.154821
0.154049
0.153281
0.152516
0.151756
0.150999
0.150246
0.149496
0.148751
0.148009
0.147271
0.146536
0.145805
0.145078
0.144354
0.143634
0.142918
0.142205
0.141496
0.14079
0.140088
0.139389
0.138694
0.138003
0.137314
0.136629
0.135948
0.13527
0.134595
0.133924
0.133256
0.132591
0.13193
0.131272
0.130617
0.129966
0.129318
0.128673
0.128031
0.127392
0.126757
0.126125
0.125496
0.12487
0.124247
0.123627
0.123011
0.122397
0.121787
0.121179
0.120575
0.119974
0.119375
0.11878
0.118187
0.117598
0.117011
0.116428
0.115847
0.115269
0.114694
0.114122
0.113553
0.112987
0.112423
0.111863
0.111305
0.11075
0.110197
0.109648
0.109101
0.108557
0.108015
0.107476
0.10694
0.106407
0.105876
0.105348
0.104823
0.1043
0.10378
0.103262
0.102747
0.102235
0.101725
0.101218
0.100713
0.10021
0.0997106
0.0992133
0.0987184
0.0982261
0.0977362
0.0972487
0.0967637
0.0962811
0.0958009
0.0953231
0.0948476
0.0943746
0.0939039
0.0934355
0.0929695
0.0925058
0.0920445
0.0915854
0.0911286
0.0906741
0.0902219
0.0897719
0.0893241
0.0888786
0.0884354
0.0879943
0.0875554
0.0871187
0.0866842
0.0862519
0.0858217
0.0853937
0.0849678
0.084544
0.0841223
0.0837027
0.0832853
0.0828699
0.0824566
0.0820453
0.0816361
0.081229
0.0808238
0.0804207
0.0800196
0.0796205
0.0792234
0.0788283
0.0784351
0.0780439
0.0776547
0.0772674
0.076882
0.0764986
0.076117
0.0757374
0.0753596
0.0749838
0.0746098
0.0742377
0.0738674
0.073499
0.0731324
0.0727677
0.0724047
0.0720436
0.0716843
0.0713268
0.070971
0.0706171
0.0702649
0.0699144
0.0695657
0.0692188
0.0688735
0.06853
0.0681882
0.0678481
0.0675097
0.067173
0.066838
0.0665046
0.066173
0.0658429
0.0655145
0.0651878
0.0648626
0.0645391
0.0642172
0.063897
0.0635783
0.0632612
0.0629457
0.0626317
0.0623193
0.0620085
0.0616993
0.0613915
0.0610853
0.0607807
0.0604775
0.0601759
0.0598758
0.0595771
0.05928
0.0589843
0.0586901
0.0583974
0.0581062
0.0578164
0.057528
0.0572411
0.0569556
0.0566715
0.0563889
0.0561076
0.0558278
0.0555493
0.0552723
0.0549966
0.0547223
0.0544494
0.0541778
0.0539076
0.0536388
0.0533712
0.053105
0.0528402
0.0525766
0.0523144
0.0520535
0.0517939
0.0515355
0.0512785
0.0510228
0.0507683
0.0505151
0.0502631
0.0500124
0.049763
0.0495148
0.0492679
0.0490221
0.0487776
0.0485344
0.0482923
0.0480514
0.0478118
0.0475733
0.047336
0.0470999
0.046865
0.0466313
0.0463987
0.0461673
0.045937
0.0457079
0.04548
0.0452531
0.0450274
0.0448029
0.0445794
0.0443571
0.0441358
0.0439157
0.0436967
0.0434787
0.0432619
0.0430461
0.0428314
0.0426178
0.0424052
0.0421937
0.0419833
0.0417739
0.0415656
0.0413582
0.041152
0.0409467
0.0407425
0.0405393
0.0403371
0.0401359
0.0399357
0.0397366
0.0395384
0.0393412
0.039145
0.0389497
0.0387555
0.0385622
0.0383698
0.0381785
0.0379881
0.0377986
0.0376101
0.0374225
0.0372358
0.0370501
0.0368653
0.0366815
0.0364985
0.0363165
0.0361354
0.0359551
0.0357758
0.0355974
0.0354198
0.0352432
0.0350674
0.0348925
0.0347185
0.0345453
0.034373
0.0342016
0.034031
0.0338613
0.0336924
0.0335243
0.0333571
0.0331908
0.0330252
0.0328605
0.0326966
0.0325335
0.0323713
0.0322098
0.0320492
0.0318893
0.0317303
0.031572
0.0314146
0.0312579
0.031102
0.0309469
0.0307925
0.0306389
0.0304861
0.0303341
0.0301828
0.0300323
0.0298825
0.0297334
0.0295851
0.0294376
0.0292908
0.0291447
0.0289993
0.0288547
0.0287108
0.0285676
0.0284251
0.0282833
0.0281422
0.0280019
0.0278622
0.0277233
0.027585
0.0274474
0.0273105
0.0271743
0.0270388
0.0269039
0.0267697
0.0266362
0.0265034
0.0263712
0.0262397
0.0261088
0.0259786
0.025849
0.0257201
0.0255918
0.0254642
0.0253372
0.0252108
0.025085
0.0249599
0.0248354
0.0247116
0.0245883
0.0244657
0.0243437
0.0242223
0.0241014
0.0239812
0.0238616
0.0237426
0.0236242
0.0235064
0.0233891
0.0232725
0.0231564
0.0230409
0.022926
0.0228117
0.0226979
0.0225847
0.022472
0.02236
0.0222484
0.0221375
0.0220271
0.0219172
0.0218079
0.0216991
0.0215909
0.0214832
0.0213761
0.0212695
0.0211634
0.0210578
0.0209528
0.0208483
0.0207443
0.0206408
0.0205379
0.0204355
0.0203335
0.0202321
0.0201312
0.0200308
0.0199309
0.0198315
0.0197326
0.0196342
0.0195363
0.0194388
0.0193419
0.0192454
0.0191494
0.0190539
0.0189589
0.0188643
0.0187702
0.0186766
0.0185835
0.0184908
0.0183985
0.0183068
0.0182155
0.0181246
0.0180342
0.0179443
0.0178548
0.0177657
0.0176771
0.017589
0.0175012
0.017414
0.0173271
0.0172407
0.0171547
0.0170691
0.016984
0.0168993
0.016815
0.0167311
0.0166477
0.0165647
0.016482
0.0163998
0.016318
0.0162367
0.0161557
0.0160751
0.0159949
0.0159152
0.0158358
0.0157568
0.0156782
0.0156
0.0155222
0.0154448
0.0153678
0.0152911
0.0152148
0.015139
0.0150635
0.0149883
0.0149136
0.0148392
0.0147652
0.0146915
0.0146183
0.0145454
0.0144728
0.0144006
0.0143288
0.0142573
0.0141862
0.0141155
0.0140451
0.013975
0.0139053
0.013836
0.013767
0.0136983
0.01363
0.013562
0.0134944
0.0134271
0.0133601
0.0132935
0.0132272
0.0131612
0.0130955
0.0130302
0.0129652
0.0129006
0.0128362
0.0127722
0.0127085
0.0126451
0.0125821
0.0125193
0.0124569
0.0123947
0.0123329
0.0122714
0.0122102
0.0121493
0.0120887
0.0120284
0.0119684
0.0119087
0.0118493
0.0117902
0.0117314
0.0116729
0.0116147
0.0115568
0.0114991
0.0114418
0.0113847
0.0113279
0.0112714
0.0112152
0.0111593
0.0111036
0.0110482
0.0109931
0.0109383
0.0108838
0.0108295
0.0107755
0.0107217
0.0106682
0.010615
0.0105621
0.0105094
0.010457
0.0104048
0.010353
0.0103013
0.0102499
0.0101988
0.010148
0.0100973
0.010047
0.00999687
0.00994701
0.0098974
0.00984803
0.00979892
0.00975004
0.00970142
0.00965303
0.00960488
0.00955698
0.00950931
0.00946189
0.0094147
0.00936774
0.00932102
0.00927453
0.00922827
0.00918225
0.00913645
0.00909088
0.00904554
0.00900043
0.00895554
0.00891087
0.00886643
0.0088222
0.0087782
0.00873442
0.00869086
0.00864751
0.00860438
0.00856147
0.00851877
0.00847628
0.00843401
0.00839194
0.00835009
0.00830844
0.008267
0.00822577
0.00818474
0.00814392
0.0081033
0.00806289
0.00802267
0.00798266
0.00794285
0.00790323
0.00786381
0.00782459
0.00778557
0.00774674
0.0077081
0.00766966
0.0076314
0.00759334
0.00755547
0.00751779
0.00748029
0.00744298
0.00740586
0.00736892
0.00733217
0.0072956
0.00725922
0.00722301
0.00718699
0.00715114
0.00711547
0.00707999
0.00704467
0.00700954
0.00697458
0.00693979
0.00690518
0.00687074
0.00683647
0.00680237
0.00676845
0.00673469
0.0067011
0.00666768
0.00663442
0.00660133
0.00656841
0.00653565
0.00650305
0.00647062
0.00643835
0.00640624
0.00637428
0.00634249
0.00631086
0.00627938
0.00624806
0.0062169
0.0061859
0.00615504
0.00612435
0.0060938
0.00606341
0.00603317
0.00600307
0.00597313
0.00594334
0.0059137
0.00588421
0.00585486
0.00582566
0.0057966
0.00576769
0.00573892
0.0057103
0.00568182
0.00565348
0.00562529
0.00559723
0.00556931
0.00554154
0.0055139
0.0054864
0.00545903
0.00543181
0.00540472
0.00537776
0.00535094
0.00532425
0.00529769
0.00527127
0.00524498
0.00521882
0.00519279
0.00516689
0.00514112
0.00511548
0.00508997
0.00506458
0.00503932
0.00501419
0.00498918
0.0049643
0.00493954
0.0049149
0.00489039
0.004866
0.00484173
0.00481758
0.00479355
0.00476964
0.00474586
0.00472219
0.00469863
0.0046752
0.00465188
0.00462868
0.00460559
0.00458262
0.00455977
0.00453703
0.0045144
0.00449188
0.00446948
0.00444719
0.00442501
0.00440294
0.00438098
0.00435913
0.00433739
0.00431575
0.00429423
0.00427281
0.0042515
0.0042303
0.0042092
0.0041882
0.00416731
0.00414653
0.00412585
0.00410527
0.0040848
0.00406442
0.00404415
0.00402398
0.00400391
0.00398394
0.00396407
0.0039443
0.00392463
0.00390505
0.00388558
0.0038662
0.00384692
0.00382773
0.00380864
0.00378964
0.00377074
0.00375194
0.00373322
0.0037146
0.00369608
0.00367764
0.0036593
0.00364105
0.00362289
0.00360482
0.00358684
0.00356895
0.00355115
0.00353344
0.00351582
0.00349828
0.00348083
0.00346347
0.0034462
0.00342901
0.00341191
0.00339489
0.00337796
0.00336111
0.00334435
0.00332767
0.00331107
0.00329456
0.00327813
0.00326178
0.00324551
0.00322932
0.00321321
0.00319719
0.00318124
0.00316538
0.00314959
0.00313388
0.00311825
0.0031027
0.00308722
0.00307182
0.0030565
0.00304126
0.00302609
0.003011
0.00299598
0.00298104
0.00296617
0.00295138
0.00293666
0.00292201
0.00290744
0.00289294
0.00287851
0.00286415
0.00284987
0.00283565
0.00282151
0.00280744
0.00279343
0.0027795
0.00276564
0.00275185
0.00273812
0.00272446
0.00271088
0.00269736
0.0026839
0.00267052
0.0026572
0.00264394
0.00263076
0.00261764
0.00260458
0.00259159
0.00257866
0.0025658
0.00255301
0.00254027
0.0025276
0.002515
0.00250245
0.00248997
0.00247755
0.0024652
0.0024529
0.00244067
0.0024285
0.00241638
0.00240433
0.00239234
0.00238041
0.00236854
0.00235672
0.00234497
0.00233327
0.00232164
0.00231006
0.00229853
0.00228707
0.00227566
0.00226431
0.00225302
0.00224178
0.0022306
0.00221948
0.00220841
0.00219739
0.00218643
0.00217553
0.00216468
0.00215388
0.00214314
0.00213245
0.00212181
0.00211123
0.0021007
0.00209023
0.0020798
0.00206943
0.00205911
0.00204884
0.00203862
0.00202845
0.00201833
0.00200827
0.00199825
0.00198828
0.00197837
0.0019685
0.00195868
0.00194891
0.00193919
0.00192952
0.0019199
0.00191032
0.00190079
0.00189131
0.00188188
0.0018725
0.00186316
0.00185386
0.00184462
0.00183542
0.00182626
0.00181715
0.00180809
0.00179907
0.0017901
0.00178117
0.00177229
0.00176345
0.00175465
0.0017459
0.0017372
0.00172853
0.00171991
0.00171133
0.0017028
0.0016943
0.00168585
0.00167745
0.00166908
0.00166075
0.00165247
0.00164423
0.00163603
0.00162787
0.00161975
0.00161167
0.00160363
0.00159564
0.00158768
0.00157976
0.00157188
0.00156404
0.00155624
0.00154848
0.00154075
0.00153307
0.00152542
0.00151782
0.00151024
0.00150271
0.00149522
0.00148776
0.00148034
0.00147296
0.00146561
0.0014583
0.00145103
0.00144379
0.00143659
0.00142942
0.0014223
0.0014152
0.00140814
0.00140112
0.00139413
0.00138718
0.00138026
0.00137338
0.00136653
0.00135971
0.00135293
0.00134618
0.00133947
0.00133279
0.00132614
0.00131952
0.00131294
0.0013064
0.00129988
0.0012934
0.00128695
0.00128053
0.00127414
0.00126779
0.00126146
0.00125517
0.00124891
0.00124268
0.00123648
0.00123032
0.00122418
0.00121808
0.001212
0.00120596
0.00119994
0.00119396
0.001188
0.00118208
0.00117618
0.00117031
0.00116448
0.00115867
0.00115289
0.00114714
0.00114142
0.00113573
0.00113006
0.00112443
0.00111882
0.00111324
0.00110768
0.00110216
0.00109666
0.00109119
0.00108575
0.00108034
0.00107495
0.00106959
0.00106425
0.00105894
0.00105366
0.00104841
0.00104318
0.00103798
0.0010328
0.00102765
0.00102252
0.00101742
0.00101235
0.0010073
0.00100227
0.000997276
0.000992302
0.000987352
0.000982428
0.000977528
0.000972653
0.000967802
0.000962975
0.000958172
0.000953393
0.000948638
0.000943906
0.000939199
0.000934514
0.000929854
0.000925216
0.000920601
0.00091601
0.000911441
0.000906895
0.000902372
0.000897872
0.000893393
0.000888938
0.000884504
0.000880093
0.000875703
0.000871336
0.00086699
0.000862666
0.000858363
0.000854082
0.000849822
0.000845584
0.000841366
0.00083717
0.000832995
0.00082884
0.000824706
0.000820593
0.0008165
0.000812428
0.000808376
0.000804344
0.000800332
0.000796341
0.000792369
0.000788417
0.000784485
0.000780572
0.000776679
0.000772805
0.000768951
0.000765116
0.0007613
0.000757503
0.000753725
0.000749965
0.000746225
0.000742503
0.0007388
0.000735115
0.000731449
0.000727801
0.000724171
0.000720559
0.000716965
0.000713389
0.000709831
0.000706291
0.000702768
0.000699263
0.000695776
0.000692305
0.000688852
0.000685417
0.000681998
0.000678597
0.000675212
0.000671845
0.000668494
0.00066516
0.000661842
0.000658541
0.000655257
0.000651989
0.000648737
0.000645501
0.000642282
0.000639078
0.000635891
0.000632719
0.000629564
0.000626424
0.000623299
0.000620191
0.000617098
0.00061402
0.000610957
0.00060791
0.000604878
0.000601861
0.00059886
0.000595873
0.000592901
0.000589944

