-69.6509
-69.3035
-68.9578
-68.6139
-68.2717
-67.9312
-67.5924
-67.2553
-66.9198
-66.5861
-66.254
-65.9235
-65.5947
-65.2676
-64.942
-64.6181
-64.2959
-63.9752
-63.6561
-63.3386
-63.0227
-62.7084
-62.3956
-62.0844
-61.7748
-61.4667
-61.1601
-60.8551
-60.5516
-60.2496
-59.9491
-59.6501
-59.3526
-59.0565
-58.762
-58.4689
-58.1773
-57.8871
-57.5984
-57.3112
-57.0253
-56.7409
-56.4579
-56.1763
-55.8961
-55.6174
-55.34
-55.064
-54.7893
-54.5161
-54.2442
-53.9736
-53.7044
-53.4366
-53.17
-52.9049
-52.641
-52.3784
-52.1172
-51.8573
-51.5986
-51.3413
-51.0852
-50.8304
-50.5769
-50.3247
-50.0737
-49.8239
-49.5754
-49.3282
-49.0821
-48.8373
-48.5938
-48.3514
-48.1102
-47.8703
-47.6315
-47.394
-47.1576
-46.9224
-46.6884
-46.4555
-46.2238
-45.9933
-45.7639
-45.5356
-45.3085
-45.0825
-44.8577
-44.634
-44.4114
-44.1899
-43.9695
-43.7502
-43.532
-43.3148
-43.0988
-42.8838
-42.67
-42.4571
-42.2454
-42.0347
-41.825
-41.6164
-41.4089
-41.2023
-40.9969
-40.7924
-40.5889
-40.3865
-40.1851
-39.9846
-39.7852
-39.5868
-39.3893
-39.1929
-38.9974
-38.8029
-38.6094
-38.4168
-38.2252
-38.0346
-37.8449
-37.6561
-37.4683
-37.2814
-37.0955
-36.9105
-36.7264
-36.5432
-36.3609
-36.1796
-35.9991
-35.8196
-35.6409
-35.4632
-35.2863
-35.1103
-34.9352
-34.761
-34.5876
-34.4151
-34.2434
-34.0727
-33.9027
-33.7336
-33.5654
-33.398
-33.2314
-33.0657
-32.9007
-32.7366
-32.5734
-32.4109
-32.2493
-32.0884
-31.9284
-31.7691
-31.6107
-31.453
-31.2962
-31.1401
-30.9848
-30.8302
-30.6764
-30.5235
-30.3712
-30.2197
-30.069
-29.919
-29.7698
-29.6213
-29.4736
-29.3266
-29.1803
-29.0348
-28.89
-28.7459
-28.6025
-28.4599
-28.3179
-28.1767
-28.0362
-27.8963
-27.7572
-27.6188
-27.481
-27.3439
-27.2076
-27.0719
-26.9369
-26.8025
-26.6688
-26.5358
-26.4035
-26.2718
-26.1407
-26.0104
-25.8806
-25.7516
-25.6231
-25.4953
-25.3682
-25.2416
-25.1158
-24.9905
-24.8658
-24.7418
-24.6184
-24.4956
-24.3735
-24.2519
-24.1309
-24.0106
-23.8908
-23.7717
-23.6531
-23.5352
-23.4178
-23.301
-23.1848
-23.0691
-22.9541
-22.8396
-22.7257
-22.6123
-22.4995
-22.3873
-22.2757
-22.1646
-22.054
-21.944
-21.8346
-21.7257
-21.6173
-21.5095
-21.4022
-21.2955
-21.1893
-21.0836
-20.9784
-20.8738
-20.7697
-20.6661
-20.563
-20.4605
-20.3584
-20.2569
-20.1559
-20.0553
-19.9553
-19.8558
-19.7568
-19.6582
-19.5602
-19.4626
-19.3655
-19.269
-19.1729
-19.0772
-18.9821
-18.8874
-18.7932
-18.6995
-18.6062
-18.5134
-18.4211
-18.3292
-18.2378
-18.1468
-18.0563
-17.9663
-17.8766
-17.7875
-17.6988
-17.6105
-17.5227
-17.4353
-17.3483
-17.2618
-17.1757
-17.09
-17.0048
-16.92
-16.8356
-16.7516
-16.6681
-16.5849
-16.5022
-16.4199
-16.338
-16.2565
-16.1755
-16.0948
-16.0145
-15.9346
-15.8552
-15.7761
-15.6974
-15.6191
-15.5412
-15.4637
-15.3866
-15.3098
-15.2335
-15.1575
-15.0819
-15.0067
-14.9318
-14.8574
-14.7833
-14.7095
-14.6362
-14.5632
-14.4905
-14.4183
-14.3463
-14.2748
-14.2036
-14.1328
-14.0623
-13.9921
-13.9223
-13.8529
-13.7838
-13.7151
-13.6467
-13.5786
-13.5109
-13.4435
-13.3764
-13.3097
-13.2433
-13.1773
-13.1116
-13.0462
-12.9811
-12.9164
-12.8519
-12.7878
-12.7241
-12.6606
-12.5975
-12.5346
-12.4721
-12.4099
-12.348
-12.2864
-12.2251
-12.1642
-12.1035
-12.0431
-11.9831
-11.9233
-11.8638
-11.8047
-11.7458
-11.6872
-11.6289
-11.5709
-11.5132
-11.4558
-11.3987
-11.3418
-11.2852
-11.2289
-11.1729
-11.1172
-11.0618
-11.0066
-10.9517
-10.8971
-10.8427
-10.7887
-10.7348
-10.6813
-10.628
-10.575
-10.5223
-10.4698
-10.4176
-10.3656
-10.3139
-10.2625
-10.2113
-10.1604
-10.1097
-10.0593
-10.0091
-9.95919
-9.90951
-9.86009
-9.81091
-9.76198
-9.71329
-9.66485
-9.61664
-9.56868
-9.52096
-9.47347
-9.42622
-9.37921
-9.33243
-9.28588
-9.23957
-9.19349
-9.14763
-9.10201
-9.05661
-9.01144
-8.9665
-8.92178
-8.87728
-8.833
-8.78895
-8.74511
-8.7015
-8.6581
-8.61492
-8.57195
-8.5292
-8.48666
-8.44433
-8.40221
-8.36031
-8.31861
-8.27712
-8.23584
-8.19476
-8.15389
-8.11322
-8.07276
-8.0325
-7.99243
-7.95257
-7.91291
-7.87344
-7.83417
-7.7951
-7.75622
-7.71754
-7.67905
-7.64075
-7.60264
-7.56472
-7.52699
-7.48945
-7.4521
-7.41493
-7.37795
-7.34115
-7.30453
-7.2681
-7.23185
-7.19578
-7.15989
-7.12418
-7.08865
-7.0533
-7.01812
-6.98312
-6.94829
-6.91363
-6.87915
-6.84484
-6.8107
-6.77673
-6.74293
-6.7093
-6.67584
-6.64255
-6.60942
-6.57645
-6.54365
-6.51101
-6.47854
-6.44623
-6.41408
-6.38209
-6.35026
-6.31858
-6.28707
-6.25571
-6.22451
-6.19347
-6.16258
-6.13184
-6.10126
-6.07083
-6.04055
-6.01042
-5.98045
-5.95062
-5.92094
-5.89141
-5.86203
-5.83279
-5.8037
-5.77475
-5.74595
-5.71729
-5.68878
-5.6604
-5.63217
-5.60408
-5.57613
-5.54832
-5.52065
-5.49311
-5.46572
-5.43846
-5.41133
-5.38434
-5.35749
-5.33077
-5.30418
-5.27773
-5.2514
-5.22521
-5.19915
-5.17322
-5.14742
-5.12175
-5.0962
-5.07078
-5.04549
-5.02033
-4.99529
-4.97037
-4.94558
-4.92092
-4.89638
-4.87195
-4.84766
-4.82348
-4.79942
-4.77548
-4.75167
-4.72797
-4.70439
-4.68092
-4.65758
-4.63435
-4.61123
-4.58823
-4.56535
-4.54258
-4.51992
-4.49738
-4.47495
-4.45263
-4.43042
-4.40833
-4.38634
-4.36446
-4.3427
-4.32104
-4.29948
-4.27804
-4.2567
-4.23547
-4.21435
-4.19333
-4.17242
-4.15161
-4.1309
-4.1103
-4.0898
-4.0694
-4.0491
-4.02891
-4.00881
-3.98882
-3.96892
-3.94913
-3.92943
-3.90984
-3.89033
-3.87093
-3.85163
-3.83242
-3.8133
-3.79428
-3.77536
-3.75653
-3.73779
-3.71915
-3.7006
-3.68214
-3.66378
-3.64551
-3.62732
-3.60923
-3.59123
-3.57332
-3.5555
-3.53777
-3.52012
-3.50256
-3.48509
-3.46771
-3.45042
-3.43321
-3.41609
-3.39905
-3.38209
-3.36523
-3.34844
-3.33174
-3.31512
-3.29859
-3.28214
-3.26577
-3.24948
-3.23327
-3.21715
-3.2011
-3.18514
-3.16925
-3.15344
-3.13772
-3.12207
-3.1065
-3.091
-3.07559
-3.06025
-3.04498
-3.0298
-3.01468
-2.99965
-2.98469
-2.9698
-2.95499
-2.94025
-2.92559
-2.911
-2.89648
-2.88203
-2.86766
-2.85335
-2.83912
-2.82496
-2.81087
-2.79685
-2.7829
-2.76902
-2.75521
-2.74147
-2.7278
-2.71419
-2.70066
-2.68719
-2.67379
-2.66045
-2.64718
-2.63398
-2.62084
-2.60777
-2.59476
-2.58182
-2.56894
-2.55613
-2.54338
-2.5307
-2.51808
-2.50552
-2.49302
-2.48059
-2.46822
-2.4559
-2.44366
-2.43147
-2.41934
-2.40727
-2.39527
-2.38332
-2.37143
-2.35961
-2.34784
-2.33613
-2.32448
-2.31288
-2.30135
-2.28987
-2.27845
-2.26709
-2.25578
-2.24453
-2.23333
-2.22219
-2.21111
-2.20008
-2.18911
-2.17819
-2.16733
-2.15652
-2.14576
-2.13506
-2.12441
-2.11382
-2.10327
-2.09278
-2.08235
-2.07196
-2.06163
-2.05134
-2.04111
-2.03093
-2.0208
-2.01072
-2.0007
-1.99072
-1.98079
-1.97091
-1.96108
-1.9513
-1.94157
-1.93188
-1.92225
-1.91266
-1.90312
-1.89363
-1.88418
-1.87479
-1.86544
-1.85613
-1.84688
-1.83766
-1.8285
-1.81938
-1.8103
-1.80128
-1.79229
-1.78335
-1.77446
-1.76561
-1.7568
-1.74804
-1.73932
-1.73065
-1.72202
-1.71343
-1.70488
-1.69638
-1.68792
-1.6795
-1.67112
-1.66279
-1.65449
-1.64624
-1.63803
-1.62986
-1.62173
-1.61364
-1.6056
-1.59759
-1.58962
-1.58169
-1.5738
-1.56595
-1.55814
-1.55037
-1.54264
-1.53495
-1.52729
-1.51967
-1.51209
-1.50455
-1.49705
-1.48958
-1.48215
-1.47476
-1.4674
-1.46009
-1.4528
-1.44556
-1.43835
-1.43117
-1.42404
-1.41693
-1.40987
-1.40284
-1.39584
-1.38888
-1.38195
-1.37506
-1.3682
-1.36138
-1.35459
-1.34783
-1.34111
-1.33442
-1.32776
-1.32114
-1.31455
-1.30799
-1.30147
-1.29498
-1.28852
-1.28209
-1.2757
-1.26934
-1.26301
-1.25671
-1.25044
-1.2442
-1.238
-1.23182
-1.22568
-1.21957
-1.21348
-1.20743
-1.20141
-1.19542
-1.18946
-1.18352
-1.17762
-1.17175
-1.1659
-1.16009
-1.1543
-1.14854
-1.14282
-1.13712
-1.13144
-1.1258
-1.12019
-1.1146
-1.10904
-1.10351
-1.09801
-1.09253
-1.08708
-1.08166
-1.07626
-1.0709
-1.06555
-1.06024
-1.05495
-1.04969
-1.04446
-1.03925
-1.03406
-1.02891
-1.02377
-1.01867
-1.01359
-1.00853
-1.0035
-0.998496
-0.993516
-0.988561
-0.983631
-0.978725
-0.973843
-0.968986
-0.964154
-0.959345
-0.95456
-0.949799
-0.945062
-0.940348
-0.935658
-0.930992
-0.926349
-0.921728
-0.917131
-0.912557
-0.908006
-0.903477
-0.898971
-0.894487
-0.890026
-0.885587
-0.88117
-0.876775
-0.872402
-0.868051
-0.863722
-0.859414
-0.855127
-0.850862
-0.846619
-0.842396
-0.838195
-0.834014
-0.829855
-0.825716
-0.821597
-0.8175
-0.813422
-0.809365
-0.805329
-0.801312
-0.797316
-0.793339
-0.789382
-0.785445
-0.781528
-0.77763
-0.773751
-0.769892
-0.766052
-0.762232
-0.75843
-0.754647
-0.750884
-0.747138
-0.743412
-0.739704
-0.736015
-0.732344
-0.728692
-0.725057
-0.721441
-0.717843
-0.714262
-0.7107
-0.707155
-0.703629
-0.700119
-0.696627
-0.693153
-0.689696
-0.686256
-0.682833
-0.679427
-0.676039
-0.672667
-0.669312
-0.665974
-0.662652
-0.659347
-0.656059
-0.652787
-0.649531
-0.646291
-0.643068
-0.639861
-0.636669
-0.633494
-0.630334
-0.627191
-0.624062
-0.62095
-0.617853
-0.614771
-0.611705
-0.608654
-0.605619
-0.602598
-0.599593
-0.596602
-0.593627
-0.590666
-0.58772
-0.584789
-0.581872
-0.57897
-0.576082
-0.573209
-0.57035
-0.567506
-0.564675
-0.561859
-0.559056
-0.556268
-0.553494
-0.550733
-0.547986
-0.545253
-0.542534
-0.539828
-0.537136
-0.534457
-0.531791
-0.529139
-0.5265
-0.523874
-0.521261
-0.518661
-0.516074
-0.5135
-0.510939
-0.508391
-0.505855
-0.503332
-0.500822
-0.498324
-0.495839
-0.493366
-0.490905
-0.488457
-0.48602
-0.483596
-0.481184
-0.478784
-0.476397
-0.47402
-0.471656
-0.469304
-0.466963
-0.464634
-0.462317
-0.460011
-0.457717
-0.455434
-0.453162
-0.450902
-0.448653
-0.446416
-0.444189
-0.441974
-0.439769
-0.437576
-0.435394
-0.433222
-0.431061
-0.428911
-0.426772
-0.424644
-0.422526
-0.420418
-0.418322
-0.416235
-0.414159
-0.412094
-0.410038
-0.407993
-0.405958
-0.403934
-0.401919
-0.399914
-0.39792
-0.395935
-0.39396
-0.391996
-0.39004
-0.388095
-0.38616
-0.384234
-0.382317
-0.38041
-0.378513
-0.376625
-0.374747
-0.372878
-0.371018
-0.369168
-0.367326
-0.365494
-0.363671
-0.361858
-0.360053
-0.358257
-0.35647
-0.354692
-0.352923
-0.351163
-0.349412
-0.347669
-0.345935
-0.34421
-0.342493
-0.340785
-0.339085
-0.337394
-0.335711
-0.334037
-0.332371
-0.330713
-0.329063
-0.327422
-0.325789
-0.324164
-0.322548
-0.320939
-0.319338
-0.317745
-0.316161
-0.314584
-0.313015
-0.311454
-0.3099
-0.308355
-0.306817
-0.305286
-0.303764
-0.302249
-0.300741
-0.299241
-0.297749
-0.296264
-0.294786
-0.293316
-0.291853
-0.290397
-0.288949
-0.287508
-0.286074
-0.284647
-0.283228
-0.281815
-0.280409
-0.279011
-0.277619
-0.276235
-0.274857
-0.273486
-0.272122
-0.270765
-0.269414
-0.268071
-0.266734
-0.265403
-0.26408
-0.262762
-0.261452
-0.260148
-0.25885
-0.257559
-0.256275
-0.254997
-0.253725
-0.252459
-0.2512
-0.249947
-0.248701
-0.24746
-0.246226
-0.244998
-0.243776
-0.24256
-0.241351
-0.240147
-0.238949
-0.237757
-0.236572
-0.235392
-0.234218
-0.233049
-0.231887
-0.230731
-0.22958
-0.228435
-0.227295
-0.226162
-0.225034
-0.223911
-0.222795
-0.221683
-0.220578
-0.219478
-0.218383
-0.217294
-0.21621
-0.215132
-0.214059
-0.212991
-0.211929
-0.210872
-0.20982
-0.208774
-0.207732
-0.206696
-0.205665
-0.20464
-0.203619
-0.202603
-0.201593
-0.200587
-0.199587
-0.198592
-0.197601
-0.196616
-0.195635
-0.194659
-0.193688
-0.192722
-0.191761
-0.190805
-0.189853
-0.188906
-0.187964
-0.187027
-0.186094
-0.185166
-0.184242
-0.183323
-0.182409
-0.181499
-0.180594
-0.179693
-0.178797
-0.177905
-0.177018
-0.176135
-0.175256
-0.174382
-0.173513
-0.172647
-0.171786
-0.170929
-0.170077
-0.169229
-0.168385
-0.167545
-0.166709
-0.165878
-0.16505
-0.164227
-0.163408
-0.162593
-0.161782
-0.160975
-0.160172
-0.159374
-0.158579
-0.157788
-0.157001
-0.156218
-0.155439
-0.154663
-0.153892
-0.153124
-0.152361
-0.151601
-0.150845
-0.150092
-0.149344
-0.148599
-0.147858
-0.14712
-0.146387
-0.145656
-0.14493
-0.144207
-0.143488
-0.142772
-0.14206
-0.141352
-0.140647
-0.139945
-0.139247
-0.138553
-0.137862
-0.137174
-0.13649
-0.135809
-0.135132
-0.134458
-0.133787
-0.13312
-0.132456
-0.131795
-0.131138
-0.130484
-0.129833
-0.129186
-0.128541
-0.1279
-0.127262
-0.126628
-0.125996
-0.125368
-0.124742
-0.12412
-0.123501
-0.122885
-0.122272
-0.121662
-0.121056
-0.120452
-0.119851
-0.119253
-0.118659
-0.118067
-0.117478
-0.116892
-0.116309
-0.115729
-0.115152
-0.114577
-0.114006
-0.113437
-0.112872
-0.112309
-0.111748
-0.111191
-0.110637
-0.110085
-0.109536
-0.108989
-0.108446
-0.107905
-0.107367
-0.106831
-0.106298
-0.105768
-0.105241
-0.104716
-0.104194
-0.103674
-0.103157
-0.102642
-0.10213
-0.101621
-0.101114
-0.10061
-0.100108
-0.0996088
-0.099112
-0.0986177
-0.0981258
-0.0976364
-0.0971495
-0.0966649
-0.0961828
-0.0957031
-0.0952258
-0.0947508
-0.0942783
-0.093808
-0.0933402
-0.0928746
-0.0924114
-0.0919505
-0.0914919
-0.0910356
-0.0905815
-0.0901298
-0.0896802
-0.089233
-0.0887879
-0.0883451
-0.0879045
-0.087466
-0.0870298
-0.0865957
-0.0861638
-0.0857341
-0.0853065
-0.084881
-0.0844577
-0.0840364
-0.0836173
-0.0832003
-0.0827853
-0.0823724
-0.0819616
-0.0815528
-0.081146
-0.0807413
-0.0803386
-0.0799379
-0.0795392
-0.0791425
-0.0787478
-0.0783551
-0.0779643
-0.0775754
-0.0771885
-0.0768035
-0.0764205
-0.0760393
-0.0756601
-0.0752827
-0.0749072
-0.0745336
-0.0741619
-0.073792
-0.073424
-0.0730578
-0.0726934
-0.0723308
-0.0719701
-0.0716111
-0.071254
-0.0708986
-0.070545
-0.0701931
-0.069843
-0.0694947
-0.0691481
-0.0688032
-0.0684601
-0.0681186
-0.0677789
-0.0674408
-0.0671045
-0.0667698
-0.0664368
-0.0661054
-0.0657757
-0.0654476
-0.0651212
-0.0647964
-0.0644733
-0.0641517
-0.0638317
-0.0635134
-0.0631966
-0.0628814
-0.0625678
-0.0622557
-0.0619452
-0.0616363
-0.0613289
-0.061023
-0.0607186
-0.0604158
-0.0601145
-0.0598146
-0.0595163
-0.0592195
-0.0589241
-0.0586302
-0.0583378
-0.0580469
-0.0577573
-0.0574693
-0.0571826
-0.0568974
-0.0566137
-0.0563313
-0.0560504
-0.0557708
-0.0554926
-0.0552159
-0.0549405
-0.0546665
-0.0543938
-0.0541225
-0.0538526
-0.053584
-0.0533167
-0.0530508
-0.0527862
-0.052523
-0.052261
-0.0520004
-0.051741
-0.0514829
-0.0512262
-0.0509707
-0.0507165
-0.0504635
-0.0502118
-0.0499614
-0.0497122
-0.0494643
-0.0492176
-0.0489721
-0.0487278
-0.0484848
-0.048243
-0.0480024
-0.047763
-0.0475247
-0.0472877
-0.0470519
-0.0468172
-0.0465837
-0.0463514
-0.0461202
-0.0458902
-0.0456613
-0.0454335
-0.0452069
-0.0449815
-0.0447571
-0.0445339
-0.0443118
-0.0440908
-0.0438709
-0.0436521
-0.0434343
-0.0432177
-0.0430022
-0.0427877
-0.0425743
-0.0423619
-0.0421507
-0.0419404
-0.0417313
-0.0415231
-0.041316
-0.04111
-0.0409049
-0.0407009
-0.0404979
-0.0402959
-0.040095
-0.039895
-0.039696
-0.039498
-0.039301
-0.039105
-0.03891
-0.0387159
-0.0385228
-0.0383307
-0.0381395
-0.0379493
-0.03776
-0.0375717
-0.0373843
-0.0371978
-0.0370123
-0.0368277
-0.036644
-0.0364613
-0.0362794
-0.0360985
-0.0359184
-0.0357393
-0.035561
-0.0353837
-0.0352072
-0.0350316
-0.0348569
-0.034683
-0.03451
-0.0343379
-0.0341667
-0.0339963
-0.0338267
-0.033658
-0.0334901
-0.0333231
-0.0331569
-0.0329915
-0.032827
-0.0326632
-0.0325003
-0.0323382
-0.032177
-0.0320165
-0.0318568
-0.0316979
-0.0315398
-0.0313825
-0.031226
-0.0310702
-0.0309153
-0.0307611
-0.0306077
-0.030455
-0.0303031
-0.030152
-0.0300016
-0.029852
-0.0297031
-0.0295549
-0.0294075
-0.0292609
-0.0291149
-0.0289697
-0.0288252
-0.0286814
-0.0285384
-0.0283961
-0.0282544
-0.0281135
-0.0279733
-0.0278338
-0.027695
-0.0275568
-0.0274194
-0.0272826
-0.0271466
-0.0270112
-0.0268765
-0.0267424
-0.026609
-0.0264763
-0.0263443
-0.0262129
-0.0260821
-0.025952
-0.0258226
-0.0256938
-0.0255657
-0.0254382
-0.0253113
-0.025185
-0.0250594
-0.0249345
-0.0248101
-0.0246864
-0.0245632
-0.0244407
-0.0243188
-0.0241975
-0.0240768
-0.0239568
-0.0238373
-0.0237184
-0.0236001
-0.0234824
-0.0233653
-0.0232487
-0.0231328
-0.0230174
-0.0229026
-0.0227884
-0.0226747
-0.0225616
-0.0224491
-0.0223371
-0.0222257
-0.0221149
-0.0220046
-0.0218948
-0.0217856
-0.021677
-0.0215689
-0.0214613
-0.0213542
-0.0212477
-0.0211418
-0.0210363
-0.0209314
-0.020827
-0.0207231
-0.0206198
-0.0205169
-0.0204146
-0.0203128
-0.0202115
-0.0201107
-0.0200104
-0.0199106
-0.0198113
-0.0197125
-0.0196141
-0.0195163
-0.019419
-0.0193221
-0.0192257
-0.0191299
-0.0190345
-0.0189395
-0.0188451
-0.0187511
-0.0186575
-0.0185645
-0.0184719
-0.0183798
-0.0182881
-0.0181969
-0.0181061
-0.0180158
-0.017926
-0.0178366
-0.0177476
-0.0176591
-0.017571
-0.0174834
-0.0173962
-0.0173094
-0.0172231
-0.0171372
-0.0170517
-0.0169667
-0.016882
-0.0167978
-0.0167141
-0.0166307
-0.0165478
-0.0164652
-0.0163831
-0.0163014
-0.0162201
-0.0161392
-0.0160587
-0.0159786
-0.0158989
-0.0158196
-0.0157407
-0.0156622
-0.0155841
-0.0155064
-0.015429
-0.0153521
-0.0152755
-0.0151993
-0.0151235
-0.0150481
-0.014973
-0.0148984
-0.014824
-0.0147501
-0.0146765
-0.0146033
-0.0145305
-0.014458
-0.0143859
-0.0143142
-0.0142428
-0.0141717
-0.0141011
-0.0140307
-0.0139608
-0.0138911
-0.0138218
-0.0137529
-0.0136843
-0.0136161
-0.0135482
-0.0134806
-0.0134134
-0.0133465
-0.0132799
-0.0132137
-0.0131477
-0.0130822
-0.0130169
-0.012952
-0.0128874
-0.0128231
-0.0127592
-0.0126955
-0.0126322
-0.0125692
-0.0125065
-0.0124441
-0.0123821
-0.0123203
-0.0122589
-0.0121977
-0.0121369
-0.0120764
-0.0120161
-0.0119562
-0.0118966
-0.0118372
-0.0117782
-0.0117195
-0.011661
-0.0116028
-0.011545
-0.0114874
-0.0114301
-0.0113731
-0.0113164
-0.0112599
-0.0112038
-0.0111479
-0.0110923
-0.011037
-0.0109819
-0.0109272
-0.0108727
-0.0108184
-0.0107645
-0.0107108
-0.0106574
-0.0106042
-0.0105513
-0.0104987
-0.0104463
-0.0103942
-0.0103424
-0.0102908
-0.0102395
-0.0101884
-0.0101376
-0.010087
-0.0100367
-0.00998666
-0.00993685
-0.00988729
-0.00983798
-0.00978891
-0.00974009
-0.00969151
-0.00964318
-0.00959508
-0.00954722
-0.00949961
-0.00945223
-0.00940509
-0.00935818
-0.0093115
-0.00926506
-0.00921885
-0.00917287
-0.00912712
-0.0090816
-0.00903631
-0.00899124
-0.00894639
-0.00890177
-0.00885738
-0.0088132
-0.00876924
-0.00872551
-0.00868199
-0.00863869
-0.0085956
-0.00855273
-0.00851007
-0.00846763
-0.0084254
-0.00838337
-0.00834156
-0.00829996
-0.00825856
-0.00821737
-0.00817639
-0.00813561
-0.00809503
-0.00805466
-0.00801448
-0.00797451
-0.00793474
-0.00789516
-0.00785579
-0.00781661
-0.00777762
-0.00773883
-0.00770023
-0.00766183
-0.00762361
-0.00758559
-0.00754776
-0.00751011
-0.00747266
-0.00743539
-0.0073983
-0.0073614
-0.00732469
-0.00728816
-0.00725181
-0.00721564
-0.00717965
-0.00714384
-0.00710821
-0.00707276
-0.00703748
-0.00700238
-0.00696746
-0.00693271
-0.00689813
-0.00686373
-0.00682949
-0.00679543
-0.00676154
-0.00672782
-0.00669426
-0.00666087
-0.00662765
-0.0065946
-0.00656171
-0.00652898
-0.00649642
-0.00646401
-0.00643177
-0.0063997
-0.00636778
-0.00633602
-0.00630442
-0.00627297
-0.00624169
-0.00621056
-0.00617958
-0.00614876
-0.00611809
-0.00608758
-0.00605722
-0.00602701
-0.00599695
-0.00596704
-0.00593728
-0.00590766
-0.0058782
-0.00584888
-0.00581971
-0.00579068
-0.0057618
-0.00573307
-0.00570447
-0.00567602
-0.00564771
-0.00561954
-0.00559152
-0.00556363
-0.00553588
-0.00550827
-0.0054808
-0.00545346
-0.00542626
-0.0053992
-0.00537227
-0.00534548
-0.00531881
-0.00529229
-0.00526589
-0.00523963
-0.0052135
-0.00518749
-0.00516162
-0.00513588
-0.00511026
-0.00508477
-0.00505941
-0.00503418
-0.00500907
-0.00498409
-0.00495923
-0.0049345
-0.00490989
-0.0048854
-0.00486103
-0.00483679
-0.00481266
-0.00478866
-0.00476478
-0.00474101
-0.00471737
-0.00469384
-0.00467043
-0.00464713
-0.00462396
-0.00460089
-0.00457795
-0.00455511
-0.0045324
-0.00450979
-0.0044873
-0.00446492
0.195557
0.194582
0.193612
0.192646
0.191685
0.190729
0.189778
0.188831
0.187889
0.186952
0.18602
0.185092
0.184169
0.18325
0.182336
0.181427
0.180522
0.179622
0.178726
0.177835
0.176948
0.176065
0.175187
0.174313
0.173444
0.172579
0.171718
0.170862
0.170009
0.169161
0.168318
0.167478
0.166643
0.165812
0.164985
0.164162
0.163343
0.162529
0.161718
0.160911
0.160109
0.15931
0.158516
0.157725
0.156938
0.156156
0.155377
0.154602
0.153831
0.153064
0.1523
0.151541
0.150785
0.150033
0.149284
0.14854
0.147799
0.147062
0.146328
0.145599
0.144872
0.14415
0.143431
0.142716
0.142004
0.141296
0.140591
0.13989
0.139192
0.138498
0.137807
0.13712
0.136436
0.135755
0.135078
0.134404
0.133734
0.133067
0.132403
0.131743
0.131086
0.130432
0.129782
0.129134
0.12849
0.127849
0.127212
0.126577
0.125946
0.125318
0.124693
0.124071
0.123452
0.122836
0.122224
0.121614
0.121008
0.120404
0.119804
0.119206
0.118612
0.11802
0.117431
0.116846
0.116263
0.115683
0.115106
0.114532
0.113961
0.113392
0.112827
0.112264
0.111704
0.111147
0.110593
0.110041
0.109492
0.108946
0.108403
0.107862
0.107324
0.106789
0.106256
0.105726
0.105199
0.104674
0.104152
0.103633
0.103116
0.102602
0.10209
0.101581
0.101074
0.10057
0.100068
0.0995693
0.0990727
0.0985786
0.0980869
0.0975977
0.0971109
0.0966266
0.0961446
0.0956651
0.095188
0.0947132
0.0942408
0.0937708
0.0933031
0.0928378
0.0923748
0.091914
0.0914556
0.0909995
0.0905456
0.090094
0.0896447
0.0891976
0.0887527
0.08831
0.0878696
0.0874313
0.0869953
0.0865614
0.0861296
0.0857001
0.0852726
0.0848473
0.0844242
0.0840031
0.0835841
0.0831673
0.0827525
0.0823397
0.0819291
0.0815204
0.0811138
0.0807093
0.0803068
0.0799062
0.0795077
0.0791111
0.0787166
0.078324
0.0779333
0.0775446
0.0771579
0.0767731
0.0763901
0.0760091
0.0756301
0.0752528
0.0748775
0.0745041
0.0741325
0.0737627
0.0733948
0.0730288
0.0726646
0.0723021
0.0719415
0.0715827
0.0712257
0.0708705
0.070517
0.0701653
0.0698153
0.0694671
0.0691207
0.0687759
0.0684329
0.0680916
0.067752
0.0674141
0.0670778
0.0667433
0.0664104
0.0660792
0.0657496
0.0654217
0.0650954
0.0647707
0.0644477
0.0641262
0.0638064
0.0634882
0.0631715
0.0628565
0.062543
0.062231
0.0619206
0.0616118
0.0613045
0.0609988
0.0606945
0.0603918
0.0600906
0.0597909
0.0594927
0.059196
0.0589007
0.058607
0.0583147
0.0580238
0.0577344
0.0574465
0.05716
0.0568749
0.0565912
0.056309
0.0560281
0.0557487
0.0554706
0.055194
0.0549187
0.0546448
0.0543722
0.0541011
0.0538312
0.0535627
0.0532956
0.0530298
0.0527653
0.0525021
0.0522403
0.0519797
0.0517205
0.0514625
0.0512058
0.0509505
0.0506963
0.0504435
0.0501919
0.0499416
0.0496925
0.0494446
0.049198
0.0489527
0.0487085
0.0484656
0.0482238
0.0479833
0.047744
0.0475059
0.047269
0.0470332
0.0467986
0.0465652
0.046333
0.0461019
0.0458719
0.0456432
0.0454155
0.045189
0.0449636
0.0447394
0.0445162
0.0442942
0.0440733
0.0438535
0.0436347
0.0434171
0.0432006
0.0429851
0.0427707
0.0425574
0.0423451
0.0421339
0.0419238
0.0417147
0.0415067
0.0412996
0.0410937
0.0408887
0.0406848
0.0404818
0.0402799
0.040079
0.0398792
0.0396803
0.0394823
0.0392854
0.0390895
0.0388945
0.0387005
0.0385075
0.0383155
0.0381244
0.0379342
0.037745
0.0375568
0.0373695
0.0371831
0.0369976
0.0368131
0.0366295
0.0364468
0.036265
0.0360841
0.0359042
0.0357251
0.0355469
0.0353696
0.0351932
0.0350177
0.0348431
0.0346693
0.0344964
0.0343243
0.0341531
0.0339828
0.0338133
0.0336446
0.0334768
0.0333099
0.0331437
0.0329784
0.0328139
0.0326503
0.0324874
0.0323254
0.0321642
0.0320038
0.0318442
0.0316853
0.0315273
0.0313701
0.0312136
0.0310579
0.030903
0.0307489
0.0305955
0.0304429
0.0302911
0.03014
0.0299897
0.0298401
0.0296913
0.0295432
0.0293959
0.0292492
0.0291034
0.0289582
0.0288138
0.0286701
0.0285271
0.0283848
0.0282432
0.0281024
0.0279622
0.0278227
0.027684
0.0275459
0.0274085
0.0272718
0.0271358
0.0270005
0.0268658
0.0267318
0.0265985
0.0264658
0.0263338
0.0262025
0.0260718
0.0259418
0.0258124
0.0256836
0.0255555
0.0254281
0.0253012
0.0251751
0.0250495
0.0249246
0.0248002
0.0246766
0.0245535
0.024431
0.0243092
0.0241879
0.0240673
0.0239473
0.0238278
0.023709
0.0235907
0.0234731
0.023356
0.0232395
0.0231236
0.0230083
0.0228935
0.0227793
0.0226657
0.0225527
0.0224402
0.0223283
0.0222169
0.0221061
0.0219958
0.0218861
0.021777
0.0216684
0.0215603
0.0214528
0.0213458
0.0212393
0.0211334
0.021028
0.0209231
0.0208187
0.0207149
0.0206116
0.0205088
0.0204065
0.0203047
0.0202035
0.0201027
0.0200024
0.0199027
0.0198034
0.0197046
0.0196064
0.0195086
0.0194113
0.0193145
0.0192181
0.0191223
0.0190269
0.018932
0.0188376
0.0187436
0.0186501
0.0185571
0.0184646
0.0183725
0.0182808
0.0181897
0.0180989
0.0180087
0.0179189
0.0178295
0.0177406
0.0176521
0.017564
0.0174764
0.0173893
0.0173025
0.0172162
0.0171304
0.0170449
0.0169599
0.0168753
0.0167912
0.0167074
0.0166241
0.0165412
0.0164587
0.0163766
0.0162949
0.0162137
0.0161328
0.0160523
0.0159723
0.0158926
0.0158133
0.0157345
0.015656
0.0155779
0.0155002
0.0154229
0.015346
0.0152694
0.0151933
0.0151175
0.0150421
0.0149671
0.0148924
0.0148182
0.0147443
0.0146707
0.0145975
0.0145247
0.0144523
0.0143802
0.0143085
0.0142371
0.0141661
0.0140955
0.0140252
0.0139552
0.0138856
0.0138164
0.0137475
0.0136789
0.0136107
0.0135428
0.0134752
0.013408
0.0133412
0.0132746
0.0132084
0.0131425
0.013077
0.0130118
0.0129469
0.0128823
0.012818
0.0127541
0.0126905
0.0126272
0.0125642
0.0125016
0.0124392
0.0123772
0.0123154
0.012254
0.0121929
0.0121321
0.0120716
0.0120114
0.0119515
0.0118919
0.0118325
0.0117735
0.0117148
0.0116564
0.0115982
0.0115404
0.0114828
0.0114256
0.0113686
0.0113119
0.0112555
0.0111993
0.0111435
0.0110879
0.0110326
0.0109776
0.0109228
0.0108683
0.0108141
0.0107602
0.0107065
0.0106531
0.0106
0.0105471
0.0104945
0.0104422
0.0103901
0.0103383
0.0102867
0.0102354
0.0101844
0.0101336
0.010083
0.0100327
0.0099827
0.00993291
0.00988337
0.00983408
0.00978503
0.00973623
0.00968767
0.00963935
0.00959127
0.00954344
0.00949584
0.00944848
0.00940135
0.00935446
0.00930781
0.00926139
0.00921519
0.00916923
0.0091235
0.009078
0.00903272
0.00898767
0.00894284
0.00889824
0.00885386
0.0088097
0.00876576
0.00872204
0.00867854
0.00863526
0.00859219
0.00854934
0.0085067
0.00846427
0.00842205
0.00838005
0.00833825
0.00829667
0.00825529
0.00821411
0.00817314
0.00813238
0.00809182
0.00805146
0.00801131
0.00797135
0.00793159
0.00789203
0.00785267
0.00781351
0.00777454
0.00773576
0.00769718
0.00765879
0.00762059
0.00758258
0.00754476
0.00750713
0.00746969
0.00743244
0.00739537
0.00735848
0.00732178
0.00728526
0.00724893
0.00721277
0.0071768
0.00714101
0.00710539
0.00706995
0.00703469
0.0069996
0.00696469
0.00692996
0.00689539
0.006861
0.00682678
0.00679274
0.00675886
0.00672515
0.0066916
0.00665823
0.00662502
0.00659198
0.0065591
0.00652639
0.00649384
0.00646145
0.00642922
0.00639716
0.00636525
0.0063335
0.00630192
0.00627048
0.00623921
0.00620809
0.00617713
0.00614632
0.00611567
0.00608516
0.00605481
0.00602462
0.00599457
0.00596467
0.00593492
0.00590532
0.00587587
0.00584656
0.0058174
0.00578839
0.00575952
0.00573079
0.00570221
0.00567377
0.00564547
0.00561731
0.0055893
0.00556142
0.00553368
0.00550608
0.00547862
0.0054513
0.00542411
0.00539706
0.00537014
0.00534335
0.0053167
0.00529019
0.0052638
0.00523755
0.00521143
0.00518543
0.00515957
0.00513384
0.00510823
0.00508276
0.00505741
0.00503218
0.00500708
0.00498211
0.00495726
0.00493254
0.00490794
0.00488346
0.0048591
0.00483487
0.00481075
0.00478676
0.00476289
0.00473913
0.00471549
0.00469198
0.00466857
0.00464529
0.00462212
0.00459907
0.00457613
0.00455331
0.0045306
0.004508
0.00448552
0.00446315
0.00444089
0.00441874
0.0043967
0.00437477
0.00435295
0.00433124
0.00430964
0.00428814
0.00426676
0.00424547
0.0042243
0.00420323
0.00418227
0.00416141
0.00414065
0.00412
0.00409945
0.00407901
0.00405866
0.00403842
0.00401828
0.00399824
0.0039783
0.00395845
0.00393871
0.00391907
0.00389952
0.00388007
0.00386072
0.00384146
0.00382231
0.00380324
0.00378427
0.0037654
0.00374662
0.00372793
0.00370934
0.00369084
0.00367243
0.00365411
0.00363589
0.00361776
0.00359971
0.00358176
0.00356389
0.00354612
0.00352843
0.00351083
0.00349332
0.0034759
0.00345856
0.00344132
0.00342415
0.00340707
0.00339008
0.00337317
0.00335635
0.00333961
0.00332295
0.00330638
0.00328989
0.00327348
0.00325715
0.00324091
0.00322474
0.00320866
0.00319266
0.00317673
0.00316089
0.00314513
0.00312944
0.00311383
0.0030983
0.00308285
0.00306747
0.00305217
0.00303695
0.0030218
0.00300673
0.00299174
0.00297681
0.00296197
0.00294719
0.0029325
0.00291787
0.00290332
0.00288884
0.00287443
0.00286009
0.00284583
0.00283163
0.00281751
0.00280346
0.00278948
0.00277556
0.00276172
0.00274795
0.00273424
0.0027206
0.00270703
0.00269353
0.0026801
0.00266673
0.00265343
0.0026402
0.00262703
0.00261393
0.00260089
0.00258792
0.00257501
0.00256217
0.00254939
0.00253667
0.00252402
0.00251143
0.00249891
0.00248644
0.00247404
0.0024617
0.00244943
0.00243721
0.00242505
0.00241296
0.00240092
0.00238895
0.00237703
0.00236518
0.00235338
0.00234165
0.00232997
0.00231835
0.00230678
0.00229528
0.00228383
0.00227244
0.00226111
0.00224983
0.00223861
0.00222744
0.00221633
0.00220528
0.00219428
0.00218334
0.00217245
0.00216161
0.00215083
0.0021401
0.00212943
0.00211881
0.00210824
0.00209773
0.00208726
0.00207685
0.00206649
0.00205619
0.00204593
0.00203573
0.00202558
0.00201547
0.00200542
0.00199542
0.00198547
0.00197556
0.00196571
0.00195591
0.00194615
0.00193644
0.00192679
0.201917
0.20091
0.199908
0.198911
0.197919
0.196932
0.19595
0.194972
0.194
0.193032
0.19207
0.191112
0.190158
0.18921
0.188266
0.187327
0.186393
0.185463
0.184538
0.183618
0.182702
0.181791
0.180884
0.179982
0.179084
0.178191
0.177303
0.176418
0.175538
0.174663
0.173792
0.172925
0.172062
0.171204
0.17035
0.169501
0.168655
0.167814
0.166977
0.166144
0.165316
0.164491
0.163671
0.162855
0.162042
0.161234
0.16043
0.15963
0.158834
0.158041
0.157253
0.156469
0.155689
0.154912
0.154139
0.153371
0.152606
0.151845
0.151087
0.150334
0.149584
0.148838
0.148096
0.147357
0.146622
0.145891
0.145163
0.144439
0.143719
0.143002
0.142289
0.141579
0.140873
0.14017
0.139471
0.138776
0.138083
0.137395
0.136709
0.136028
0.135349
0.134674
0.134002
0.133334
0.132669
0.132007
0.131349
0.130694
0.130042
0.129393
0.128748
0.128106
0.127467
0.126831
0.126199
0.125569
0.124943
0.12432
0.1237
0.123083
0.122469
0.121858
0.12125
0.120646
0.120044
0.119445
0.118849
0.118257
0.117667
0.11708
0.116496
0.115915
0.115337
0.114762
0.114189
0.11362
0.113053
0.112489
0.111928
0.11137
0.110814
0.110262
0.109712
0.109165
0.10862
0.108078
0.107539
0.107003
0.106469
0.105938
0.10541
0.104884
0.104361
0.103841
0.103323
0.102807
0.102295
0.101784
0.101277
0.100772
0.100269
0.099769
0.0992714
0.0987763
0.0982836
0.0977934
0.0973057
0.0968204
0.0963375
0.095857
0.0953789
0.0949032
0.0944299
0.0939589
0.0934903
0.093024
0.09256
0.0920984
0.0916391
0.091182
0.0907272
0.0902747
0.0898245
0.0893765
0.0889307
0.0884872
0.0880458
0.0876067
0.0871698
0.086735
0.0863024
0.085872
0.0854437
0.0850175
0.0845935
0.0841716
0.0837518
0.0833341
0.0829185
0.0825049
0.0820934
0.081684
0.0812766
0.0808712
0.0804678
0.0800665
0.0796672
0.0792698
0.0788745
0.0784811
0.0780897
0.0777002
0.0773127
0.0769271
0.0765434
0.0761616
0.0757818
0.0754038
0.0750277
0.0746535
0.0742812
0.0739107
0.0735421
0.0731753
0.0728103
0.0724472
0.0720858
0.0717263
0.0713686
0.0710126
0.0706584
0.070306
0.0699554
0.0696065
0.0692593
0.0689139
0.0685702
0.0682282
0.0678879
0.0675493
0.0672124
0.0668772
0.0665436
0.0662117
0.0658815
0.0655529
0.065226
0.0649006
0.064577
0.0642549
0.0639344
0.0636155
0.0632982
0.0629825
0.0626684
0.0623559
0.0620449
0.0617354
0.0614275
0.0611211
0.0608163
0.060513
0.0602112
0.0599108
0.059612
0.0593147
0.0590189
0.0587245
0.0584316
0.0581402
0.0578502
0.0575617
0.0572746
0.056989
0.0567047
0.0564219
0.0561405
0.0558605
0.0555819
0.0553047
0.0550289
0.0547544
0.0544813
0.0542096
0.0539392
0.0536702
0.0534025
0.0531362
0.0528711
0.0526074
0.0523451
0.052084
0.0518242
0.0515657
0.0513086
0.0510527
0.050798
0.0505447
0.0502926
0.0500417
0.0497922
0.0495438
0.0492967
0.0490509
0.0488062
0.0485628
0.0483206
0.0480796
0.0478398
0.0476012
0.0473638
0.0471275
0.0468925
0.0466586
0.0464259
0.0461944
0.045964
0.0457347
0.0455066
0.0452796
0.0450538
0.0448291
0.0446055
0.044383
0.0441617
0.0439414
0.0437223
0.0435042
0.0432872
0.0430713
0.0428565
0.0426428
0.0424301
0.0422185
0.0420079
0.0417984
0.0415899
0.0413825
0.0411761
0.0409707
0.0407664
0.0405631
0.0403607
0.0401594
0.0399591
0.0397598
0.0395615
0.0393642
0.0391679
0.0389726
0.0387782
0.0385848
0.0383923
0.0382008
0.0380103
0.0378207
0.0376321
0.0374444
0.0372577
0.0370718
0.0368869
0.036703
0.0365199
0.0363378
0.0361565
0.0359762
0.0357968
0.0356182
0.0354406
0.0352638
0.0350879
0.0349129
0.0347388
0.0345656
0.0343932
0.0342216
0.0340509
0.0338811
0.0337121
0.033544
0.0333767
0.0332102
0.0330446
0.0328798
0.0327158
0.0325526
0.0323903
0.0322287
0.032068
0.031908
0.0317489
0.0315905
0.031433
0.0312762
0.0311202
0.030965
0.0308106
0.0306569
0.030504
0.0303519
0.0302005
0.0300498
0.0299
0.0297508
0.0296025
0.0294548
0.0293079
0.0291617
0.0290163
0.0288716
0.0287276
0.0285843
0.0284417
0.0282999
0.0281587
0.0280183
0.0278786
0.0277395
0.0276012
0.0274635
0.0273265
0.0271902
0.0270546
0.0269197
0.0267854
0.0266518
0.0265189
0.0263866
0.026255
0.0261241
0.0259938
0.0258641
0.0257351
0.0256068
0.0254791
0.025352
0.0252256
0.0250997
0.0249746
0.02485
0.0247261
0.0246027
0.02448
0.0243579
0.0242364
0.0241156
0.0239953
0.0238756
0.0237565
0.023638
0.0235202
0.0234028
0.0232861
0.02317
0.0230544
0.0229394
0.022825
0.0227112
0.0225979
0.0224852
0.0223731
0.0222615
0.0221504
0.02204
0.02193
0.0218207
0.0217118
0.0216035
0.0214958
0.0213886
0.0212819
0.0211758
0.0210702
0.0209651
0.0208605
0.0207565
0.0206529
0.0205499
0.0204474
0.0203455
0.020244
0.020143
0.0200426
0.0199426
0.0198431
0.0197442
0.0196457
0.0195477
0.0194502
0.0193532
0.0192567
0.0191606
0.0190651
0.01897
0.0188754
0.0187812
0.0186876
0.0185943
0.0185016
0.0184093
0.0183175
0.0182262
0.0181353
0.0180448
0.0179548
0.0178653
0.0177761
0.0176875
0.0175993
0.0175115
0.0174242
0.0173373
0.0172508
0.0171647
0.0170791
0.016994
0.0169092
0.0168249
0.0167409
0.0166575
0.0165744
0.0164917
0.0164095
0.0163276
0.0162462
0.0161651
0.0160845
0.0160043
0.0159245
0.0158451
0.015766
0.0156874
0.0156092
0.0155313
0.0154538
0.0153768
0.0153001
0.0152238
0.0151478
0.0150723
0.0149971
0.0149223
0.0148479
0.0147738
0.0147001
0.0146268
0.0145539
0.0144813
0.0144091
0.0143372
0.0142657
0.0141945
0.0141237
0.0140533
0.0139832
0.0139135
0.0138441
0.013775
0.0137063
0.013638
0.0135699
0.0135023
0.0134349
0.0133679
0.0133012
0.0132349
0.0131689
0.0131032
0.0130379
0.0129728
0.0129081
0.0128438
0.0127797
0.012716
0.0126525
0.0125894
0.0125266
0.0124642
0.012402
0.0123401
0.0122786
0.0122174
0.0121564
0.0120958
0.0120355
0.0119754
0.0119157
0.0118563
0.0117971
0.0117383
0.0116798
0.0116215
0.0115635
0.0115059
0.0114485
0.0113914
0.0113346
0.011278
0.0112218
0.0111658
0.0111101
0.0110547
0.0109996
0.0109447
0.0108901
0.0108358
0.0107818
0.010728
0.0106745
0.0106213
0.0105683
0.0105156
0.0104631
0.0104109
0.010359
0.0103074
0.0102559
0.0102048
0.0101539
0.0101033
0.0100529
0.0100027
0.00995284
0.0099032
0.0098538
0.00980466
0.00975576
0.0097071
0.00965869
0.00961051
0.00956258
0.00951489
0.00946743
0.00942021
0.00937323
0.00932648
0.00927996
0.00923368
0.00918763
0.0091418
0.00909621
0.00905084
0.0090057
0.00896078
0.00891609
0.00887162
0.00882737
0.00878335
0.00873954
0.00869595
0.00865258
0.00860943
0.00856649
0.00852376
0.00848125
0.00843895
0.00839686
0.00835498
0.00831331
0.00827185
0.00823059
0.00818954
0.00814869
0.00810805
0.00806761
0.00802738
0.00798734
0.0079475
0.00790786
0.00786842
0.00782918
0.00779013
0.00775128
0.00771262
0.00767415
0.00763588
0.00759779
0.0075599
0.00752219
0.00748468
0.00744735
0.0074102
0.00737324
0.00733647
0.00729988
0.00726347
0.00722724
0.0071912
0.00715533
0.00711964
0.00708413
0.0070488
0.00701365
0.00697866
0.00694386
0.00690923
0.00687477
0.00684048
0.00680636
0.00677241
0.00673864
0.00670503
0.00667159
0.00663831
0.0066052
0.00657226
0.00653948
0.00650686
0.00647441
0.00644212
0.00640999
0.00637802
0.00634621
0.00631456
0.00628306
0.00625173
0.00622055
0.00618952
0.00615865
0.00612793
0.00609737
0.00606696
0.0060367
0.00600659
0.00597663
0.00594683
0.00591717
0.00588765
0.00585829
0.00582907
0.0058
0.00577107
0.00574229
0.00571365
0.00568515
0.0056568
0.00562858
0.00560051
0.00557258
0.00554478
0.00551713
0.00548961
0.00546223
0.00543499
0.00540788
0.00538091
0.00535407
0.00532737
0.0053008
0.00527436
0.00524806
0.00522188
0.00519584
0.00516992
0.00514414
0.00511848
0.00509295
0.00506755
0.00504228
0.00501713
0.0049921
0.00496721
0.00494243
0.00491778
0.00489325
0.00486885
0.00484457
0.0048204
0.00479636
0.00477244
0.00474864
0.00472495
0.00470139
0.00467794
0.00465461
0.00463139
0.00460829
0.00458531
0.00456244
0.00453968
0.00451704
0.00449451
0.0044721
0.00444979
0.0044276
0.00440552
0.00438354
0.00436168
0.00433993
0.00431828
0.00429674
0.00427531
0.00425399
0.00423277
0.00421166
0.00419066
0.00416976
0.00414896
0.00412827
0.00410768
0.00408719
0.0040668
0.00404652
0.00402634
0.00400626
0.00398628
0.00396639
0.00394661
0.00392693
0.00390734
0.00388786
0.00386846
0.00384917
0.00382997
0.00381087
0.00379186
0.00377295
0.00375413
0.00373541
0.00371678
0.00369824
0.0036798
0.00366144
0.00364318
0.00362501
0.00360693
0.00358894
0.00357104
0.00355323
0.00353551
0.00351788
0.00350033
0.00348287
0.0034655
0.00344822
0.00343102
0.00341391
0.00339688
0.00337994
0.00336308
0.00334631
0.00332962
0.00331301
0.00329649
0.00328005
0.00326369
0.00324741
0.00323121
0.0032151
0.00319906
0.00318311
0.00316723
0.00315143
0.00313572
0.00312008
0.00310452
0.00308903
0.00307362
0.0030583
0.00304304
0.00302786
0.00301276
0.00299774
0.00298279
0.00296791
0.00295311
0.00293838
0.00292372
0.00290914
0.00289463
0.00288019
0.00286583
0.00285154
0.00283731
0.00282316
0.00280908
0.00279507
0.00278113
0.00276726
0.00275346
0.00273973
0.00272606
0.00271246
0.00269894
0.00268547
0.00267208
0.00265875
0.00264549
0.0026323
0.00261917
0.00260611
0.00259311
0.00258018
0.00256731
0.0025545
0.00254176
0.00252909
0.00251647
0.00250392
0.00249143
0.00247901
0.00246664
0.00245434
0.0024421
0.00242992
0.0024178
0.00240574
0.00239374
0.0023818
0.00236992
0.0023581
0.00234634
0.00233464
0.002323
0.00231141
0.00229988
0.00228841
0.002277
0.00226564
0.00225434
0.0022431
0.00223191
0.00222078
0.0022097
0.00219868
0.00218771
0.0021768
0.00216595
0.00215514
0.0021444
0.0021337
0.00212306
0.00211247
0.00210193
0.00209145
0.00208102
0.00207064
0.00206031
0.00205004
0.00203981
0.00202964
0.00201952
0.00200944
0.00199942
0.00198945
0.00197953
0.00196965
0.00195983
0.00195006
0.00194033
0.00193065
0.00192102
0.00191144
0.00190191
0.00189242
0.00188298
0.00187359
0.00186425
0.00185495
0.0018457
0.00183649
0.00182733
0.00181822
0.00180915
0.00180013
0.201791
0.200785
0.199783
0.198787
0.197795
0.196809
0.195827
0.194851
0.193879
0.192912
0.19195
0.190992
0.19004
0.189092
0.188149
0.18721
0.186277
0.185348
0.184423
0.183503
0.182588
0.181678
0.180771
0.17987
0.178973
0.17808
0.177192
0.176308
0.175429
0.174554
0.173683
0.172817
0.171955
0.171097
0.170244
0.169395
0.16855
0.167709
0.166873
0.166041
0.165213
0.164389
0.163569
0.162753
0.161941
0.161134
0.16033
0.15953
0.158735
0.157943
0.157155
0.156371
0.155591
0.154815
0.154043
0.153275
0.15251
0.15175
0.150993
0.15024
0.149491
0.148745
0.148003
0.147265
0.14653
0.1458
0.145072
0.144349
0.143629
0.142913
0.1422
0.141491
0.140785
0.140083
0.139384
0.138689
0.137997
0.137309
0.136624
0.135943
0.135265
0.13459
0.133919
0.133251
0.132586
0.131925
0.131267
0.130612
0.129961
0.129313
0.128668
0.128026
0.127387
0.126752
0.12612
0.125491
0.124865
0.124242
0.123623
0.123006
0.122393
0.121782
0.121175
0.12057
0.119969
0.119371
0.118775
0.118183
0.117593
0.117007
0.116423
0.115843
0.115265
0.11469
0.114118
0.113549
0.112983
0.112419
0.111858
0.1113
0.110745
0.110193
0.109643
0.109097
0.108552
0.108011
0.107472
0.106936
0.106403
0.105872
0.105344
0.104819
0.104296
0.103776
0.103258
0.102743
0.102231
0.101721
0.101214
0.100709
0.100207
0.0997067
0.0992094
0.0987146
0.0982223
0.0977324
0.097245
0.09676
0.0962774
0.0957972
0.0953194
0.094844
0.0943709
0.0939003
0.0934319
0.0929659
0.0925023
0.0920409
0.0915819
0.0911251
0.0906706
0.0902184
0.0897684
0.0893207
0.0888752
0.0884319
0.0879909
0.087552
0.0871154
0.0866809
0.0862486
0.0858184
0.0853904
0.0849645
0.0845407
0.0841191
0.0836995
0.0832821
0.0828667
0.0824534
0.0820422
0.081633
0.0812258
0.0808207
0.0804176
0.0800165
0.0796174
0.0792204
0.0788252
0.0784321
0.0780409
0.0776517
0.0772644
0.076879
0.0764956
0.0761141
0.0757345
0.0753567
0.0749809
0.0746069
0.0742348
0.0738646
0.0734962
0.0731296
0.0727649
0.072402
0.0720408
0.0716815
0.071324
0.0709683
0.0706143
0.0702622
0.0699117
0.069563
0.0692161
0.0688709
0.0685274
0.0681856
0.0678455
0.0675071
0.0671704
0.0668354
0.0665021
0.0661704
0.0658404
0.065512
0.0651853
0.0648601
0.0645366
0.0642148
0.0638945
0.0635758
0.0632587
0.0629432
0.0626293
0.0623169
0.0620061
0.0616969
0.0613892
0.061083
0.0607783
0.0604752
0.0601736
0.0598735
0.0595748
0.0592777
0.0589821
0.0586879
0.0583952
0.0581039
0.0578141
0.0575258
0.0572389
0.0569534
0.0566693
0.0563867
0.0561055
0.0558256
0.0555472
0.0552702
0.0549945
0.0547202
0.0544473
0.0541757
0.0539055
0.0536367
0.0533692
0.053103
0.0528381
0.0525746
0.0523124
0.0520515
0.0517919
0.0515336
0.0512765
0.0510208
0.0507663
0.0505131
0.0502612
0.0500105
0.0497611
0.0495129
0.049266
0.0490202
0.0487757
0.0485325
0.0482904
0.0480496
0.0478099
0.0475715
0.0473342
0.0470981
0.0468632
0.0466295
0.0463969
0.0461655
0.0459353
0.0457062
0.0454782
0.0452514
0.0450257
0.0448011
0.0445777
0.0443553
0.0441341
0.043914
0.043695
0.0434771
0.0432602
0.0430444
0.0428298
0.0426161
0.0424036
0.0421921
0.0419817
0.0417723
0.041564
0.0413567
0.0411504
0.0409451
0.0407409
0.0405377
0.0403356
0.0401344
0.0399342
0.039735
0.0395369
0.0393397
0.0391435
0.0389482
0.038754
0.0385607
0.0383684
0.038177
0.0379866
0.0377971
0.0376086
0.037421
0.0372344
0.0370487
0.0368639
0.0366801
0.0364971
0.0363151
0.036134
0.0359537
0.0357744
0.035596
0.0354185
0.0352418
0.035066
0.0348912
0.0347171
0.034544
0.0343717
0.0342003
0.0340297
0.03386
0.0336911
0.033523
0.0333559
0.0331895
0.033024
0.0328592
0.0326954
0.0325323
0.03237
0.0322086
0.032048
0.0318881
0.0317291
0.0315708
0.0314134
0.0312567
0.0311008
0.0309457
0.0307913
0.0306378
0.030485
0.0303329
0.0301816
0.0300311
0.0298813
0.0297323
0.029584
0.0294364
0.0292896
0.0291435
0.0289982
0.0288536
0.0287096
0.0285665
0.028424
0.0282822
0.0281412
0.0280008
0.0278612
0.0277222
0.0275839
0.0274464
0.0273095
0.0271733
0.0270377
0.0269029
0.0267687
0.0266352
0.0265023
0.0263702
0.0262386
0.0261078
0.0259776
0.025848
0.0257191
0.0255908
0.0254632
0.0253362
0.0252098
0.0250841
0.024959
0.0248345
0.0247106
0.0245874
0.0244647
0.0243427
0.0242213
0.0241005
0.0239803
0.0238607
0.0237417
0.0236233
0.0235055
0.0233882
0.0232716
0.0231555
0.02304
0.0229251
0.0228108
0.022697
0.0225838
0.0224712
0.0223591
0.0222476
0.0221366
0.0220262
0.0219164
0.021807
0.0216983
0.0215901
0.0214824
0.0213752
0.0212686
0.0211626
0.021057
0.020952
0.0208475
0.0207435
0.02064
0.0205371
0.0204347
0.0203328
0.0202313
0.0201304
0.02003
0.0199301
0.0198307
0.0197318
0.0196334
0.0195355
0.0194381
0.0193411
0.0192447
0.0191487
0.0190532
0.0189581
0.0188636
0.0187695
0.0186759
0.0185827
0.0184901
0.0183978
0.0183061
0.0182148
0.0181239
0.0180335
0.0179436
0.0178541
0.0177651
0.0176765
0.0175883
0.0175006
0.0174133
0.0173264
0.01724
0.017154
0.0170685
0.0169833
0.0168986
0.0168144
0.0167305
0.0166471
0.016564
0.0164814
0.0163992
0.0163174
0.016236
0.0161551
0.0160745
0.0159943
0.0159145
0.0158352
0.0157562
0.0156776
0.0155994
0.0155216
0.0154442
0.0153672
0.0152905
0.0152143
0.0151384
0.0150629
0.0149878
0.014913
0.0148386
0.0147646
0.014691
0.0146177
0.0145448
0.0144723
0.0144001
0.0143283
0.0142568
0.0141857
0.0141149
0.0140445
0.0139745
0.0139048
0.0138354
0.0137664
0.0136978
0.0136295
0.0135615
0.0134938
0.0134265
0.0133596
0.0132929
0.0132266
0.0131607
0.013095
0.0130297
0.0129647
0.0129001
0.0128357
0.0127717
0.012708
0.0126446
0.0125816
0.0125188
0.0124564
0.0123943
0.0123324
0.0122709
0.0122097
0.0121488
0.0120882
0.012028
0.011968
0.0119083
0.0118489
0.0117898
0.011731
0.0116725
0.0116143
0.0115563
0.0114987
0.0114413
0.0113843
0.0113275
0.011271
0.0112148
0.0111589
0.0111032
0.0110478
0.0109927
0.0109379
0.0108833
0.0108291
0.010775
0.0107213
0.0106678
0.0106146
0.0105617
0.010509
0.0104566
0.0104044
0.0103526
0.0103009
0.0102495
0.0101984
0.0101476
0.0100969
0.0100466
0.00999648
0.00994662
0.00989702
0.00984765
0.00979854
0.00974967
0.00970104
0.00965266
0.00960451
0.00955661
0.00950895
0.00946152
0.00941433
0.00936738
0.00932066
0.00927417
0.00922792
0.00918189
0.0091361
0.00909053
0.00904519
0.00900008
0.00895519
0.00891053
0.00886608
0.00882186
0.00877787
0.00873409
0.00869052
0.00864718
0.00860405
0.00856114
0.00851844
0.00847595
0.00843368
0.00839162
0.00834976
0.00830812
0.00826668
0.00822545
0.00818443
0.00814361
0.00810299
0.00806258
0.00802236
0.00798235
0.00794254
0.00790293
0.00786351
0.00782429
0.00778527
0.00774644
0.0077078
0.00766936
0.00763111
0.00759305
0.00755518
0.0075175
0.00748
0.0074427
0.00740558
0.00736864
0.00733189
0.00729532
0.00725894
0.00722273
0.00718671
0.00715086
0.0071152
0.00707971
0.0070444
0.00700927
0.00697431
0.00693952
0.00690491
0.00687048
0.00683621
0.00680211
0.00676819
0.00673443
0.00670084
0.00666742
0.00663417
0.00660108
0.00656816
0.0065354
0.0065028
0.00647037
0.0064381
0.00640599
0.00637404
0.00634225
0.00631062
0.00627914
0.00624782
0.00621666
0.00618566
0.00615481
0.00612411
0.00609356
0.00606317
0.00603293
0.00600284
0.0059729
0.00594311
0.00591347
0.00588398
0.00585463
0.00582543
0.00579638
0.00576747
0.0057387
0.00571008
0.0056816
0.00565326
0.00562507
0.00559701
0.0055691
0.00554132
0.00551369
0.00548619
0.00545882
0.0054316
0.00540451
0.00537755
0.00535073
0.00532404
0.00529749
0.00527107
0.00524478
0.00521862
0.00519259
0.0051667
0.00514093
0.00511529
0.00508977
0.00506439
0.00503913
0.005014
0.00498899
0.00496411
0.00493935
0.00491471
0.0048902
0.00486581
0.00484154
0.00481739
0.00479337
0.00476946
0.00474567
0.004722
0.00469845
0.00467502
0.0046517
0.0046285
0.00460542
0.00458245
0.00455959
0.00453685
0.00451422
0.00449171
0.00446931
0.00444702
0.00442484
0.00440277
0.00438081
0.00435896
0.00433722
0.00431559
0.00429406
0.00427265
0.00425134
0.00423013
0.00420903
0.00418804
0.00416715
0.00414637
0.00412569
0.00410511
0.00408464
0.00406427
0.004044
0.00402383
0.00400376
0.00398379
0.00396392
0.00394415
0.00392448
0.0039049
0.00388543
0.00386605
0.00384677
0.00382758
0.00380849
0.0037895
0.0037706
0.00375179
0.00373308
0.00371446
0.00369593
0.0036775
0.00365916
0.00364091
0.00362275
0.00360468
0.0035867
0.00356881
0.00355101
0.0035333
0.00351568
0.00349815
0.0034807
0.00346334
0.00344607
0.00342888
0.00341178
0.00339476
0.00337783
0.00336098
0.00334422
0.00332754
0.00331094
0.00329443
0.003278
0.00326165
0.00324538
0.0032292
0.00321309
0.00319707
0.00318112
0.00316525
0.00314947
0.00313376
0.00311813
0.00310258
0.0030871
0.00307171
0.00305639
0.00304114
0.00302597
0.00301088
0.00299587
0.00298092
0.00296606
0.00295126
0.00293654
0.0029219
0.00290732
0.00289282
0.0028784
0.00286404
0.00284976
0.00283554
0.0028214
0.00280733
0.00279333
0.00277939
0.00276553
0.00275174
0.00273802
0.00272436
0.00271077
0.00269725
0.0026838
0.00267041
0.00265709
0.00264384
0.00263066
0.00261754
0.00260448
0.00259149
0.00257857
0.0025657
0.00255291
0.00254018
0.00252751
0.0025149
0.00250236
0.00248988
0.00247746
0.0024651
0.00245281
0.00244057
0.0024284
0.00241629
0.00240424
0.00239225
0.00238032
0.00236844
0.00235663
0.00234488
0.00233318
0.00232155
0.00230997
0.00229845
0.00228698
0.00227558
0.00226423
0.00225293
0.0022417
0.00223052
0.00221939
0.00220832
0.00219731
0.00218635
0.00217545
0.00216459
0.0021538
0.00214306
0.00213237
0.00212173
0.00211115
0.00210062
0.00209014
0.00207972
0.00206935
0.00205903
0.00204876
0.00203854
0.00202837
0.00201825
0.00200819
0.00199817
0.00198821
0.00197829
0.00196842
0.00195861
0.00194884
0.00193912
0.00192945
0.00191982
0.00191025
0.00190072
0.00189124
0.00188181
0.00187242
0.00186308
0.00185379
0.00184455
0.00183535
0.00182619
0.00181708
0.00180802
0.001799
0.00179003
0.0017811
0.00177222
0.00176338
0.00175459
0.00174584
0.00173713
0.00172846
0.00171984
0.00171127
0.00170273
0.00169424
0.00168579
0.00167738
0.00166901
0.00166069
0.00165241
0.00164417
0.00163597
0.00162781
0.00161969
0.00161161
0.00160357
0.00159557
0.00158762
0.0015797
0.00157182
0.00156398
0.00155618
0.00154842
0.00154069
0.00153301
0.00152536
0.00151776
0.00151019
0.00150265
0.00149516
0.0014877
0.00148028
0.0014729
0.00146555
0.00145824
0.00145097
0.00144373
0.00143653
0.00142937
0.00142224
0.00141515
0.00140809
0.00140107
0.00139408
0.00138712
0.00138021
0.00137332
0.00136647
0.00135966
0.00135288
0.00134613
0.00133942
0.00133274
0.00132609
0.00131947
0.00131289
0.00130635
0.00129983
0.00129335
0.0012869
0.00128048
0.00127409
0.00126774
0.00126141
0.00125512
0.00124886
0.00124263
0.00123644
0.00123027
0.00122413
0.00121803
0.00121195
0.00120591
0.00119989
0.00119391
0.00118795
0.00118203
0.00117613
0.00117027
0.00116443
0.00115862
0.00115285
0.0011471
0.00114137
0.00113568
0.00113002
0.00112438
0.00111877
0.00111319
0.00110764
0.00110212
0.00109662
0.00109115
0.00108571
0.00108029
0.00107491
0.00106954
0.00106421
0.0010589
0.00105362
0.00104837
0.00104314
0.00103794
0.00103276
0.00102761
0.00102248
0.00101738
0.00101231
0.00100726
0.00100224
0.000997237
0.000992263
0.000987314
0.00098239
0.00097749
0.000972615
0.000967764
0.000962938
0.000958135
0.000953356
0.000948601
0.00094387
0.000939163
0.000934478
0.000929818
0.00092518
0.000920566
0.000915975
0.000911406
0.00090686
0.000902337
0.000897837
0.000893359
0.000888903
0.00088447
0.000880059
0.000875669
0.000871302
0.000866956
0.000862632
0.00085833
0.000854049
0.000849789
0.000845551
0.000841334
0.000837138
0.000832962
0.000828808
0.000824674
0.000820561
0.000816469
0.000812397
0.000808345
0.000804313
0.000800301
0.00079631
0.000792338
0.000788387
0.000784454
0.000780542
0.000776649
0.000772775
0.000768921
0.000765086
0.00076127
0.000757473
0.000753696
0.000749936
0.000746196
0.000742475
0.000738771
0.000735087
0.00073142
0.000727773
0.000724143
0.000720531
0.000716937
0.000713362
0.000709804
0.000706264
0.000702741
0.000699236
0.000695749
0.000692279
0.000688826
0.00068539
0.000681972
0.000678571
0.000675186
0.000671819
0.000668468
0.000665134
0.000661817
0.000658516
0.000655231
0.000651963
0.000648712
0.000645476
0.000642257
0.000639054
0.000635866
0.000632695
0.000629539
0.0006264
0.000623275
0.000620167
0.000617074
0.000613996
0.000610934
0.000607887
0.000604855
0.000601838
0.000598836
0.00059585
0.000592878
0.000589921
0.000586979
0.000584051
0.000581138
0.00057824
0.000575356
0.000572486
0.000569631
0.00056679
0.000563963
0.00056115
0.000558351
0.000555567
0.000552796
0.000550039
0.000547295
0.000544566
0.00054185
0.000539147
0.000536458
0.000533783
0.00053112
0.000528471
0.000525836
0.000523213
0.000520603
0.000518007
0.000515423
0.000512853
0.000510295
0.00050775

