-69.6509
-69.3035
-68.9578
-68.6139
-68.2717
-67.9312
-67.5924
-67.2553
-66.9198
-66.5861
-66.254
-65.9235
-65.5947
-65.2676
-64.942
-64.6181
-64.2959
-63.9752
-63.6561
-63.3386
-63.0227
-62.7084
-62.3956
-62.0844
-61.7748
-61.4667
-61.1601
-60.8551
-60.5516
-60.2496
-59.9491
-59.6501
-59.3526
-59.0565
-58.762
-58.4689
-58.1773
-57.8871
-57.5984
-57.3112
-57.0253
-56.7409
-56.4579
-56.1763
-55.8961
-55.6174
-55.34
-55.064
-54.7893
-54.5161
-54.2442
-53.9736
-53.7044
-53.4366
-53.17
-52.9049
-52.641
-52.3784
-52.1172
-51.8573
-51.5986
-51.3413
-51.0852
-50.8304
-50.5769
-50.3247
-50.0737
-49.8239
-49.5754
-49.3282
-49.0821
-48.8373
-48.5938
-48.3514
-48.1102
-47.8703
-47.6315
-47.394
-47.1576
-46.9224
-46.6884
-46.4555
-46.2238
-45.9933
-45.7639
-45.5356
-45.3085
-45.0825
-44.8577
-44.634
-44.4114
-44.1899
-43.9695
-43.7502
-43.532
-43.3148
-43.0988
-42.8838
-42.67
-42.4571
-42.2454
-42.0347
-41.825
-41.6164
-41.4089
-41.2023
-40.9969
-40.7924
-40.5889
-40.3865
-40.1851
-39.9846
-39.7852
-39.5868
-39.3893
-39.1929
-38.9974
-38.8029
-38.6094
-38.4168
-38.2252
-38.0346
-37.8449
-37.6561
-37.4683
-37.2814
-37.0955
-36.9105
-36.7264
-36.5432
-36.3609
-36.1796
-35.9991
-35.8196
-35.6409
-35.4632
-35.2863
-35.1103
-34.9352
-34.761
-34.5876
-34.4151
-34.2434
-34.0727
-33.9027
-33.7336
-33.5654
-33.398
-33.2314
-33.0657
-32.9007
-32.7366
-32.5734
-32.4109
-32.2493
-32.0884
-31.9284
-31.7691
-31.6107
-31.453
-31.2962
-31.1401
-30.9848
-30.8302
-30.6764
-30.5235
-30.3712
-30.2197
-30.069
-29.919
-29.7698
-29.6213
-29.4736
-29.3266
-29.1803
-29.0348
-28.89
-28.7459
-28.6025
-28.4599
-28.3179
-28.1767
-28.0362
-27.8963
-27.7572
-27.6188
-27.481
-27.3439
-27.2076
-27.0719
-26.9369
-26.8025
-26.6688
-26.5358
-26.4035
-26.2718
-26.1407
-26.0104
-25.8806
-25.7516
-25.6231
-25.4953
-25.3682
-25.2416
-25.1158
-24.9905
-24.8658
-24.7418
-24.6184
-24.4956
-24.3735
-24.2519
-24.1309
-24.0106
-23.8908
-23.7717
-23.6531
-23.5352
-23.4178
-23.301
-23.1848
-23.0691
-22.9541
-22.8396
-22.7257
-22.6123
-22.4995
-22.3873
-22.2757
-22.1646
-22.054
-21.944
-21.8346
-21.7257
-21.6173
-21.5095
-21.4022
-21.2955
-21.1893
-21.0836
-20.9784
-20.8738
-20.7697
-20.6661
-20.563
-20.4605
-20.3584
-20.2569
-20.1559
-20.0553
-19.9553
-19.8558
-19.7568
-19.6582
-19.5602
-19.4626
-19.3655
-19.269
-19.1729
-19.0772
-18.9821
-18.8874
-18.7932
-18.6995
-18.6062
-18.5134
-18.4211
-18.3292
-18.2378
-18.1468
-18.0563
-17.9663
-17.8766
-17.7875
-17.6988
-17.6105
-17.5227
-17.4353
-17.3483
-17.2618
-17.1757
-17.09
-17.0048
-16.92
-16.8356
-16.7516
-16.6681
-16.5849
-16.5022
-16.4199
-16.338
-16.2565
-16.1755
-16.0948
-16.0145
-15.9346
-15.8552
-15.7761
-15.6974
-15.6191
-15.5412
-15.4637
-15.3866
-15.3098
-15.2335
-15.1575
-15.0819
-15.0067
-14.9318
-14.8574
-14.7833
-14.7095
-14.6362
-14.5632
-14.4905
-14.4183
-14.3463
-14.2748
-14.2036
-14.1328
-14.0623
-13.9921
-13.9223
-13.8529
-13.7838
-13.7151
-13.6467
-13.5786
-13.5109
-13.4435
-13.3764
-13.3097
-13.2433
-13.1773
-13.1116
-13.0462
-12.9811
-12.9164
-12.8519
-12.7878
-12.7241
-12.6606
-12.5975
-12.5346
-12.4721
-12.4099
-12.348
-12.2864
-12.2251
-12.1642
-12.1035
-12.0431
-11.9831
-11.9233
-11.8638
-11.8047
-11.7458
-11.6872
-11.6289
-11.5709
-11.5132
-11.4558
-11.3987
-11.3418
-11.2852
-11.2289
-11.1729
-11.1172
-11.0618
-11.0066
-10.9517
-10.8971
-10.8427
-10.7887
-10.7348
-10.6813
-10.628
-10.575
-10.5223
-10.4698
-10.4176
-10.3656
-10.3139
-10.2625
-10.2113
-10.1604
-10.1097
-10.0593
-10.0091
-9.95919
-9.90951
-9.86009
-9.81091
-9.76198
-9.71329
-9.66485
-9.61664
-9.56868
-9.52096
-9.47347
-9.42622
-9.37921
-9.33243
-9.28588
-9.23957
-9.19349
-9.14763
-9.10201
-9.05661
-9.01144
-8.9665
-8.92178
-8.87728
-8.833
-8.78895
-8.74511
-8.7015
-8.6581
-8.61492
-8.57195
-8.5292
-8.48666
-8.44433
-8.40221
-8.36031
-8.31861
-8.27712
-8.23584
-8.19476
-8.15389
-8.11322
-8.07276
-8.0325
-7.99243
-7.95257
-7.91291
-7.87344
-7.83417
-7.7951
-7.75622
-7.71754
-7.67905
-7.64075
-7.60264
-7.56472
-7.52699
-7.48945
-7.4521
-7.41493
-7.37795
-7.34115
-7.30453
-7.2681
-7.23185
-7.19578
-7.15989
-7.12418
-7.08865
-7.0533
-7.01812
-6.98312
-6.94829
-6.91363
-6.87915
-6.84484
-6.8107
-6.77673
-6.74293
-6.7093
-6.67584
-6.64255
-6.60942
-6.57645
-6.54365
-6.51101
-6.47854
-6.44623
-6.41408
-6.38209
-6.35026
-6.31858
-6.28707
-6.25571
-6.22451
-6.19347
-6.16258
-6.13184
-6.10126
-6.07083
-6.04055
-6.01042
-5.98045
-5.95062
-5.92094
-5.89141
-5.86203
-5.83279
-5.8037
-5.77475
-5.74595
-5.71729
-5.68878
-5.6604
-5.63217
-5.60408
-5.57613
-5.54832
-5.52065
-5.49311
-5.46572
-5.43846
-5.41133
-5.38434
-5.35749
-5.33077
-5.30418
-5.27773
-5.2514
-5.22521
-5.19915
-5.17322
-5.14742
-5.12175
-5.0962
-5.07078
-5.04549
-5.02033
-4.99529
-4.97037
-4.94558
-4.92092
-4.89638
-4.87195
-4.84766
-4.82348
-4.79942
-4.77548
-4.75167
-4.72797
-4.70439
-4.68092
-4.65758
-4.63435
-4.61123
-4.58823
-4.56535
-4.54258
-4.51992
-4.49738
-4.47495
-4.45263
-4.43042
-4.40833
-4.38634
-4.36446
-4.3427
-4.32104
-4.29948
-4.27804
-4.2567
-4.23547
-4.21435
-4.19333
-4.17242
-4.15161
-4.1309
-4.1103
-4.0898
-4.0694
-4.0491
-4.02891
-4.00881
-3.98882
-3.96892
-3.94913
-3.92943
-3.90984
-3.89033
-3.87093
-3.85163
-3.83242
-3.8133
-3.79428
-3.77536
-3.75653
-3.73779
-3.71915
-3.7006
-3.68214
-3.66378
-3.64551
-3.62732
-3.60923
-3.59123
-3.57332
-3.5555
-3.53777
-3.52012
-3.50256
-3.48509
-3.46771
-3.45042
-3.43321
-3.41609
-3.39905
-3.38209
-3.36523
-3.34844
-3.33174
-3.31512
-3.29859
-3.28214
-3.26577
-3.24948
-3.23327
-3.21715
-3.2011
-3.18514
-3.16925
-3.15344
-3.13772
-3.12207
-3.1065
-3.091
-3.07559
-3.06025
-3.04498
-3.0298
-3.01468
-2.99965
-2.98469
-2.9698
-2.95499
-2.94025
-2.92559
-2.911
-2.89648
-2.88203
-2.86766
-2.85335
-2.83912
-2.82496
-2.81087
-2.79685
-2.7829
-2.76902
-2.75521
-2.74147
-2.7278
-2.71419
-2.70066
-2.68719
-2.67379
-2.66045
-2.64718
-2.63398
-2.62084
-2.60777
-2.59476
-2.58182
-2.56894
-2.55613
-2.54338
-2.5307
-2.51808
-2.50552
-2.49302
-2.48059
-2.46822
-2.4559
-2.44366
-2.43147
-2.41934
-2.40727
-2.39527
-2.38332
-2.37143
-2.35961
-2.34784
-2.33613
-2.32448
-2.31288
-2.30135
-2.28987
-2.27845
-2.26709
-2.25578
-2.24453
-2.23333
-2.22219
-2.21111
-2.20008
-2.18911
-2.17819
-2.16733
-2.15652
-2.14576
-2.13506
-2.12441
-2.11382
-2.10327
-2.09278
-2.08235
-2.07196
-2.06163
-2.05134
-2.04111
-2.03093
-2.0208
-2.01072
-2.0007
-1.99072
-1.98079
-1.97091
-1.96108
-1.9513
-1.94157
-1.93188
-1.92225
-1.91266
-1.90312
-1.89363
-1.88418
-1.87479
-1.86544
-1.85613
-1.84688
-1.83766
-1.8285
-1.81938
-1.8103
-1.80128
-1.79229
-1.78335
-1.77446
-1.76561
-1.7568
-1.74804
-1.73932
-1.73065
-1.72202
-1.71343
-1.70488
-1.69638
-1.68792
-1.6795
-1.67112
-1.66279
-1.65449
-1.64624
-1.63803
-1.62986
-1.62173
-1.61364
-1.6056
-1.59759
-1.58962
-1.58169
-1.5738
-1.56595
-1.55814
-1.55037
-1.54264
-1.53495
-1.52729
-1.51967
-1.51209
-1.50455
-1.49705
-1.48958
-1.48215
-1.47476
-1.4674
-1.46009
-1.4528
-1.44556
-1.43835
-1.43117
-1.42404
-1.41693
-1.40987
-1.40284
-1.39584
-1.38888
-1.38195
-1.37506
-1.3682
-1.36138
-1.35459
-1.34783
-1.34111
-1.33442
-1.32776
-1.32114
-1.31455
-1.30799
-1.30147
-1.29498
-1.28852
-1.28209
-1.2757
-1.26934
-1.26301
-1.25671
-1.25044
-1.2442
-1.238
-1.23182
-1.22568
-1.21957
-1.21348
-1.20743
-1.20141
-1.19542
-1.18946
-1.18352
-1.17762
-1.17175
-1.1659
-1.16009
-1.1543
-1.14854
-1.14282
-1.13712
-1.13144
-1.1258
-1.12019
-1.1146
-1.10904
-1.10351
-1.09801
-1.09253
-1.08708
-1.08166
-1.07626
-1.0709
-1.06555
-1.06024
-1.05495
-1.04969
-1.04446
-1.03925
-1.03406
-1.02891
-1.02377
-1.01867
-1.01359
-1.00853
-1.0035
-0.998496
-0.993516
-0.988561
-0.983631
-0.978725
-0.973843
-0.968986
-0.964154
-0.959345
-0.95456
-0.949799
-0.945062
-0.940348
-0.935658
-0.930992
-0.926349
-0.921728
-0.917131
-0.912557
-0.908006
-0.903477
-0.898971
-0.894487
-0.890026
-0.885587
-0.88117
-0.876775
-0.872402
-0.868051
-0.863722
-0.859414
-0.855127
-0.850862
-0.846619
-0.842396
-0.838195
-0.834014
-0.829855
-0.825716
-0.821597
-0.8175
-0.813422
-0.809365
-0.805329
-0.801312
-0.797316
-0.793339
-0.789382
-0.785445
-0.781528
-0.77763
-0.773751
-0.769892
-0.766052
-0.762232
-0.75843
-0.754647
-0.750884
-0.747138
-0.743412
-0.739704
-0.736015
-0.732344
-0.728692
-0.725057
-0.721441
-0.717843
-0.714262
-0.7107
-0.707155
-0.703629
-0.700119
-0.696627
-0.693153
-0.689696
-0.686256
-0.682833
-0.679427
-0.676039
-0.672667
-0.669312
-0.665974
-0.662652
-0.659347
-0.656059
-0.652787
-0.649531
-0.646291
-0.643068
-0.639861
-0.636669
-0.633494
-0.630334
-0.627191
-0.624062
-0.62095
-0.617853
-0.614771
-0.611705
-0.608654
-0.605619
-0.602598
-0.599593
-0.596602
-0.593627
-0.590666
-0.58772
-0.584789
-0.581872
-0.57897
-0.576082
-0.573209
-0.57035
-0.567506
-0.564675
-0.561859
-0.559056
-0.556268
-0.553494
-0.550733
-0.547986
-0.545253
-0.542534
-0.539828
-0.537136
-0.534457
-0.531791
-0.529139
-0.5265
-0.523874
-0.521261
-0.518661
-0.516074
-0.5135
-0.510939
-0.508391
-0.505855
-0.503332
-0.500822
-0.498324
-0.495839
-0.493366
-0.490905
-0.488457
-0.48602
-0.483596
-0.481184
-0.478784
-0.476397
-0.47402
-0.471656
-0.368556
-0.26597
-0.163895
-0.0623301
0.0387287
0.139283
0.239337
0.338891
0.437949
0.536512
0.634584
0.732167
0.829263
0.925875
1.02201
1.11766
1.21283
1.30753
1.40176
1.49551
1.5888
1.68162
1.77399
1.86589
1.95733
2.04831
2.13884
2.22893
2.31856
2.40774
2.49648
2.58478
2.67263
2.76005
2.84703
2.93358
3.0197
3.10539
3.19064
3.27548
3.35989
3.44388
3.52745
3.61061
3.69335
3.77567
3.85759
3.9391
4.0202
4.1009
4.18119
4.26109
4.34058
4.41968
4.49839
4.5767
4.65462
4.73215
4.8093
4.88606
4.96244
5.03844
5.11406
5.1893
5.26416
5.33866
5.41278
5.48653
5.55991
5.63293
5.70558
5.77787
5.84981
5.92138
5.99259
6.06345
6.13396
6.20411
6.27392
6.34337
6.41248
6.48125
6.54967
6.61775
6.6855
6.7529
6.81997
6.8867
6.9531
7.01917
7.08491
7.15032
7.21541
7.28017
7.34461
7.40872
7.47252
7.536
7.59916
7.66201
7.72454
7.78676
7.84867
7.91028
7.97157
8.03256
8.09325
8.15363
8.21371
8.27349
8.33298
8.39216
8.45105
8.50965
8.56796
8.62597
8.6837
8.74114
8.79829
8.85515
8.91174
8.96804
9.02406
9.0798
9.13526
9.19045
9.24536
9.29999
9.35436
9.40845
9.46227
9.51583
9.56911
9.62214
9.67489
9.72739
9.77962
9.83159
9.8833
9.93476
9.98596
10.0369
10.0876
10.138
10.1882
10.2381
10.2878
10.3373
10.3865
10.4354
10.4841
10.5326
10.5808
10.6288
10.6765
10.724
10.7713
10.8183
10.8651
10.9116
10.958
11.004
11.0499
11.0955
11.141
11.1861
11.2311
11.2758
11.3203
11.3646
11.4087
11.4525
11.4962
11.5396
11.5828
11.6258
11.6685
11.7111
11.7534
11.7955
11.8374
11.8792
11.9207
11.962
12.003
12.0439
12.0846
12.1251
12.1653
12.2054
12.2453
12.285
12.3244
12.3637
12.4028
12.4417
12.4804
12.5189
12.5572
12.5953
12.6333
12.671
12.7085
12.7459
12.7831
12.8201
12.8569
12.8935
12.9299
12.9662
13.0023
13.0382
13.0739
13.1094
13.1448
13.18
13.215
13.2498
13.2845
13.319
13.3533
13.3875
13.4214
13.4553
13.4889
13.5224
13.5557
13.5888
13.6218
13.6546
13.6872
13.7197
13.752
13.7842
13.8162
13.848
13.8797
13.9112
13.9426
13.9738
14.0049
14.0358
14.0665
14.0971
14.1275
14.1578
14.188
14.2179
14.2478
14.2775
14.307
14.3364
14.3656
14.3947
14.4237
14.4525
14.4812
14.5097
14.5381
14.5663
14.5944
14.6224
14.6502
14.6779
14.7054
14.7328
14.7601
14.7872
14.8142
14.8411
14.8678
14.8944
14.9209
14.9472
14.9734
14.9995
15.0254
15.0512
15.0769
15.1024
15.1279
15.1532
15.1783
15.2034
15.2283
15.2531
15.2778
15.3023
15.3267
15.351
15.3752
15.3993
15.4232
15.4471
15.4708
15.4944
15.5178
15.5412
15.5644
15.5875
15.6105
15.6334
15.6562
15.6789
15.7014
15.7238
15.7462
15.7684
15.7905
15.8125
15.8344
15.8561
15.8778
15.8994
15.9208
15.9422
15.9634
15.9845
16.0055
16.0265
16.0473
16.068
16.0886
16.1091
16.1295
16.1498
16.17
16.1901
16.2101
16.23
16.2498
16.2695
16.2891
16.3086
16.328
16.3473
16.3666
16.3857
16.4047
16.4236
16.4425
16.4612
16.4799
16.4984
16.5169
16.5352
16.5535
16.5717
16.5898
16.6078
16.6257
16.6435
16.6613
16.6789
16.6965
16.714
16.7314
16.7487
16.7659
16.783
16.8
16.817
16.8339
16.8507
16.8674
16.884
16.9005
16.917
16.9334
16.9496
16.9659
16.982
16.998
17.014
17.0299
17.0457
17.0614
17.0771
17.0927
17.1082
17.1236
17.1389
17.1542
17.1694
17.1845
17.1995
17.2145
17.2294
17.2442
17.259
17.2736
17.2882
17.3027
17.3172
17.3316
17.3459
17.3601
17.3743
17.3884
17.4024
17.4163
17.4302
17.444
17.4578
17.4715
17.4851
17.4986
17.5121
17.5255
17.5388
17.5521
17.5653
17.5785
17.5915
17.6045
17.6175
17.6304
17.6432
17.6559
17.6686
17.6812
17.6938
17.7063
17.7187
17.7311
17.7434
17.7557
17.7679
17.78
17.7921
17.8041
17.816
17.8279
17.8398
17.8515
17.8632
17.8749
17.8865
17.898
17.9095
17.9209
17.9323
17.9436
17.9549
17.9661
17.9772
17.9883
17.9993
18.0103
18.0212
18.0321
18.0429
18.0537
18.0644
18.075
18.0856
18.0962
18.1067
18.1171
18.1275
18.1378
18.1481
18.1583
18.1685
18.1787
18.1887
18.1988
18.2087
18.2187
18.2286
18.2384
18.2482
18.2579
18.2676
18.2772
18.2868
18.2964
18.3059
18.3153
18.3247
18.3341
18.3434
18.3526
18.3618
18.371
18.3801
18.3892
18.3982
18.4072
18.4162
18.4251
18.4339
18.4427
18.4515
18.4602
18.4689
18.4775
18.4861
18.4947
18.5032
18.5116
18.5201
18.5284
18.5368
18.5451
18.5533
18.5615
18.5697
18.5778
18.5859
18.594
18.602
18.61
18.6179
18.6258
18.6336
18.6414
18.6492
18.6569
18.6646
18.6723
18.6799
18.6875
18.695
18.7026
18.71
18.7175
18.7248
18.7322
18.7395
18.7468
18.7541
18.7613
18.7684
18.7756
18.7827
18.7898
18.7968
18.8038
18.8108
18.8177
18.8246
18.8314
18.8383
18.8451
18.8518
18.8585
18.8652
18.8719
18.8785
18.8851
18.8917
18.8982
18.9047
18.9111
18.9176
18.924
18.9303
18.9367
18.943
18.9492
18.9555
18.9617
18.9678
18.974
18.9801
18.9862
18.9922
18.9983
19.0043
19.0102
19.0162
19.0221
19.0279
19.0338
19.0396
19.0454
19.0511
19.0569
19.0626
19.0683
19.0739
19.0795
19.0851
19.0907
19.0962
19.1017
19.1072
19.1126
19.1181
19.1234
19.1288
19.1342
19.1395
19.1448
19.15
19.1553
19.1605
19.1657
19.1708
19.176
19.1811
19.1861
19.1912
19.1962
19.2012
19.2062
19.2112
19.2161
19.221
19.2259
19.2308
19.2356
19.2404
19.2452
19.2499
19.2547
19.2594
19.2641
19.2688
19.2734
19.278
19.2826
19.2872
19.2918
19.2963
19.3008
19.3053
19.3097
19.3142
19.3186
19.323
19.3274
19.3317
19.336
19.3404
19.3446
19.3489
19.3532
19.3574
19.3616
19.3658
19.3699
19.3741
19.3782
19.3823
19.3864
19.3904
19.3945
19.3985
19.4025
19.4064
19.4104
19.4143
19.4183
19.4222
19.426
19.4299
19.4337
19.4376
19.4414
19.4452
19.4489
19.4527
19.4564
19.4601
19.4638
19.4675
19.4711
19.4747
19.4784
19.482
19.4855
19.4891
19.4927
19.4962
19.4997
19.5032
19.5067
19.5101
19.5136
19.517
19.5204
19.5238
19.5272
19.5305
19.5338
19.5372
19.5405
19.5438
19.547
19.5503
19.5535
19.5568
19.56
19.5632
19.5663
19.5695
19.5726
19.5758
19.5789
19.582
19.5851
19.5881
19.5912
19.5942
19.5972
19.6002
19.6032
19.6062
19.6092
19.6121
19.6151
19.618
19.6209
19.6238
19.6266
19.6295
19.6323
19.6352
19.638
19.6408
19.6436
19.6464
19.6491
19.6519
19.6546
19.6573
19.66
19.6627
19.6654
19.6681
19.6707
19.6734
19.676
19.6786
19.6812
19.6838
19.6864
19.6889
19.6915
19.694
19.6965
19.699
19.7015
19.704
19.7065
19.709
19.7114
19.7138
19.7163
19.7187
19.7211
19.7235
19.7259
19.7282
19.7306
19.7329
19.7352
19.7376
19.7399
19.7422
19.7444
19.7467
19.749
19.7512
19.7535
19.7557
19.7579
19.7601
19.7623
19.7645
19.7667
19.7688
19.771
19.7731
19.7752
19.7774
19.7795
19.7816
19.7837
19.7857
19.7878
19.7899
19.7919
19.7939
19.796
19.798
19.8
19.802
19.804
19.8059
19.8079
19.8099
19.8118
19.8137
19.8157
19.8176
19.8195
19.8214
19.8233
19.8252
19.827
19.8289
19.8307
19.8326
19.8344
19.8362
19.838
19.8399
19.8416
19.8434
19.8452
19.847
19.8487
19.8505
19.8522
19.854
19.8557
19.8574
19.8591
19.8608
19.8625
19.8642
19.8659
19.8675
19.8692
19.8708
19.8725
19.8741
19.8757
19.8774
19.879
19.8806
19.8822
19.8838
19.8853
19.8869
19.8885
19.89
19.8916
19.8931
19.8946
19.8962
19.8977
19.8992
19.9007
19.9022
19.9037
19.9051
19.9066
19.9081
19.9095
19.911
19.9124
19.9138
19.9153
19.9167
19.9181
19.9195
19.9209
19.9223
19.9237
19.9251
19.9264
19.9278
19.9292
19.9305
19.9319
19.9332
19.9345
19.9358
19.9372
19.9385
19.9398
19.9411
19.9424
19.9437
19.9449
19.9462
19.9475
19.9487
19.95
19.9512
19.9525
19.9537
19.9549
19.9562
19.9574
19.9586
19.9598
19.961
19.9622
19.9634
19.9645
19.9657
19.9669
19.9681
19.9692
19.9704
19.9715
19.9726
19.9738
19.9749
19.976
19.9771
19.9783
19.9794
19.9805
19.9816
19.9826
19.9837
19.9848
19.9859
19.987
19.988
19.9891
19.9901
19.9912
19.9922
19.9932
19.9943
19.9953
19.9963
19.9973
19.9984
19.9994
20.0004
0
0.100748
0.200993
0.300739
0.399987
0.49874
0.597
0.694771
0.792053
0.888851
0.985166
1.081
1.17636
1.27124
1.36564
1.45958
1.55305
1.64605
1.73859
1.83067
1.92228
2.01344
2.10415
2.1944
2.28421
2.37356
2.46247
2.55094
2.63896
2.72655
2.8137
2.90041
2.9867
3.07255
3.15797
3.24297
3.32754
3.41169
3.49543
3.57874
3.66164
3.74412
3.8262
3.90786
3.98912
4.06997
4.15042
4.23047
4.31012
4.38937
4.46822
4.54669
4.62476
4.70244
4.77973
4.85664
4.93317
5.00931
5.08508
5.16046
5.23547
5.31011
5.38437
5.45826
5.53179
5.60495
5.67774
5.75017
5.82224
5.89395
5.9653
6.0363
6.10694
6.17723
6.24717
6.31676
6.386
6.4549
6.52345
6.59166
6.65954
6.72707
6.79426
6.86113
6.92765
6.99385
7.05972
7.12525
7.19046
7.25535
7.31991
7.38415
7.44807
7.51167
7.57495
7.63792
7.70058
7.76292
7.82495
7.88667
7.94808
8.00919
8.06999
8.13049
8.19068
8.25058
8.31018
8.36948
8.42849
8.4872
8.54561
8.60374
8.66158
8.71913
8.77639
8.83336
8.89005
8.94646
9.00259
9.05844
9.114
9.1693
9.22431
9.27905
9.33352
9.38772
9.44165
9.4953
9.54869
9.60182
9.65468
9.70727
9.7596
9.81167
9.86349
9.91504
9.96634
10.0174
10.0682
10.1187
10.169
10.219
10.2688
10.3183
10.3676
10.4166
10.4654
10.514
10.5623
10.6104
10.6582
10.7058
10.7531
10.8003
10.8471
10.8938
10.9402
10.9864
11.0323
11.0781
11.1236
11.1688
11.2139
11.2587
11.3033
11.3477
11.3918
11.4357
11.4794
11.5229
11.5662
11.6093
11.6521
11.6948
11.7372
11.7794
11.8214
11.8632
11.9048
11.9461
11.9873
12.0283
12.069
12.1096
12.1499
12.1901
12.23
12.2698
12.3093
12.3487
12.3878
12.4268
12.4656
12.5041
12.5425
12.5807
12.6187
12.6565
12.6942
12.7316
12.7688
12.8059
12.8428
12.8795
12.916
12.9523
12.9885
13.0244
13.0602
13.0958
13.1313
13.1665
13.2016
13.2365
13.2712
13.3058
13.3402
13.3744
13.4084
13.4423
13.476
13.5095
13.5429
13.5761
13.6091
13.642
13.6747
13.7073
13.7397
13.7719
13.8039
13.8358
13.8676
13.8992
13.9306
13.9619
13.993
14.0239
14.0547
14.0854
14.1159
14.1462
14.1764
14.2065
14.2364
14.2661
14.2957
14.3251
14.3544
14.3836
14.4126
14.4415
14.4702
14.4988
14.5272
14.5555
14.5836
14.6117
14.6395
14.6673
14.6949
14.7223
14.7496
14.7768
14.8039
14.8308
14.8576
14.8842
14.9107
14.9371
14.9633
14.9895
15.0155
15.0413
15.067
15.0926
15.1181
15.1435
15.1687
15.1938
15.2187
15.2436
15.2683
15.2929
15.3174
15.3417
15.366
15.3901
15.4141
15.4379
15.4617
15.4853
15.5088
15.5322
15.5555
15.5787
15.6017
15.6247
15.6475
15.6702
15.6928
15.7153
15.7376
15.7599
15.782
15.8041
15.826
15.8478
15.8695
15.8911
15.9126
15.934
15.9553
15.9764
15.9975
16.0184
16.0393
16.0601
16.0807
16.1012
16.1217
16.142
16.1623
16.1824
16.2024
16.2224
16.2422
16.262
16.2816
16.3011
16.3206
16.3399
16.3592
16.3783
16.3974
16.4164
16.4352
16.454
16.4727
16.4913
16.5098
16.5282
16.5465
16.5647
16.5829
16.6009
16.6189
16.6367
16.6545
16.6722
16.6898
16.7073
16.7247
16.742
16.7593
16.7764
16.7935
16.8105
16.8274
16.8442
16.861
16.8776
16.8942
16.9107
16.9271
16.9434
16.9596
16.9758
16.9919
17.0079
17.0238
17.0397
17.0554
17.0711
17.0867
17.1022
17.1177
17.1331
17.1483
17.1636
17.1787
17.1938
17.2088
17.2237
17.2385
17.2533
17.268
17.2826
17.2972
17.3117
17.3261
17.3404
17.3547
17.3689
17.383
17.397
17.411
17.4249
17.4388
17.4525
17.4662
17.4799
17.4934
17.5069
17.5204
17.5337
17.547
17.5603
17.5734
17.5865
17.5996
17.6125
17.6254
17.6383
17.651
17.6638
17.6764
17.689
17.7015
17.714
17.7264
17.7387
17.751
17.7632
17.7754
17.7875
17.7995
17.8115
17.8234
17.8352
17.847
17.8588
17.8704
17.8821
17.8936
17.9051
17.9166
17.9279
17.9393
17.9506
17.9618
17.9729
17.984
17.9951
18.0061
18.017
18.0279
18.0388
18.0495
18.0603
18.0709
18.0816
18.0921
18.1026
18.1131
18.1235
18.1339
18.1442
18.1544
18.1646
18.1748
18.1849
18.1949
18.2049
18.2149
18.2248
18.2346
18.2444
18.2542
18.2639
18.2735
18.2832
18.2927
18.3022
18.3117
18.3211
18.3305
18.3398
18.3491
18.3583
18.3675
18.3766
18.3857
18.3948
18.4038
18.4127
18.4217
18.4305
18.4394
18.4481
18.4569
18.4656
18.4742
18.4828
18.4914
18.4999
18.5084
18.5168
18.5252
18.5336
18.5419
18.5502
18.5584
18.5666
18.5747
18.5828
18.5909
18.5989
18.6069
18.6148
18.6228
18.6306
18.6384
18.6462
18.654
18.6617
18.6694
18.677
18.6846
18.6922
18.6997
18.7072
18.7146
18.722
18.7294
18.7367
18.744
18.7513
18.7585
18.7657
18.7728
18.78
18.787
18.7941
18.8011
18.8081
18.815
18.8219
18.8288
18.8356
18.8424
18.8492
18.856
18.8627
18.8693
18.876
18.8826
18.8891
18.8957
18.9022
18.9087
18.9151
18.9215
18.9279
18.9342
18.9405
18.9468
18.9531
18.9593
18.9655
18.9716
18.9778
18.9839
18.9899
18.996
19.002
19.0079
19.0139
19.0198
19.0257
19.0315
19.0374
19.0432
19.0489
19.0547
19.0604
19.0661
19.0717
19.0774
19.083
19.0885
19.0941
19.0996
19.1051
19.1105
19.116
19.1214
19.1268
19.1321
19.1374
19.1427
19.148
19.1533
19.1585
19.1637
19.1688
19.174
19.1791
19.1842
19.1893
19.1943
19.1993
19.2043
19.2093
19.2142
19.2191
19.224
19.2289
19.2337
19.2386
19.2433
19.2481
19.2529
19.2576
19.2623
19.267
19.2716
19.2763
19.2809
19.2854
19.29
19.2945
19.2991
19.3036
19.308
19.3125
19.3169
19.3213
19.3257
19.33
19.3344
19.3387
19.343
19.3473
19.3515
19.3558
19.36
19.3642
19.3683
19.3725
19.3766
19.3807
19.3848
19.3889
19.3929
19.3969
19.4009
19.4049
19.4089
19.4128
19.4168
19.4207
19.4246
19.4284
19.4323
19.4361
19.4399
19.4437
19.4475
19.4512
19.455
19.4587
19.4624
19.4661
19.4697
19.4734
19.477
19.4806
19.4842
19.4877
19.4913
19.4948
19.4983
19.5018
19.5053
19.5088
19.5122
19.5157
19.5191
19.5225
19.5259
19.5292
19.5326
19.5359
19.5392
19.5425
19.5458
19.549
19.5523
19.5555
19.5587
19.5619
19.5651
19.5683
19.5714
19.5746
19.5777
19.5808
19.5839
19.587
19.59
19.5931
19.5961
19.5991
19.6021
19.6051
19.608
19.611
19.6139
19.6169
19.6198
19.6227
19.6255
19.6284
19.6313
19.6341
19.6369
19.6397
19.6425
19.6453
19.6481
19.6508
19.6536
19.6563
19.659
19.6617
19.6644
19.667
19.6697
19.6723
19.675
19.6776
19.6802
19.6828
19.6854
19.6879
19.6905
19.693
19.6956
19.6981
19.7006
19.7031
19.7056
19.708
19.7105
19.7129
19.7153
19.7178
19.7202
19.7226
19.7249
19.7273
19.7297
19.732
19.7343
19.7367
19.739
19.7413
19.7436
19.7458
19.7481
19.7504
19.7526
19.7548
19.7571
19.7593
19.7615
19.7637
19.7658
19.768
19.7701
19.7723
19.7744
19.7765
19.7787
19.7808
19.7829
19.7849
19.787
19.7891
19.7911
19.7932
19.7952
19.7972
19.7992
19.8012
19.8032
19.8052
19.8071
19.8091
19.8111
19.813
19.8149
19.8168
19.8188
19.8207
19.8226
19.8244
19.8263
19.8282
19.83
19.8319
19.8337
19.8355
19.8374
19.8392
19.841
19.8427
19.8445
19.8463
19.8481
19.8498
19.8516
19.8533
19.855
19.8568
19.8585
19.8602
19.8619
19.8636
19.8652
19.8669
19.8686
19.8702
19.8719
19.8735
19.8751
19.8767
19.8784
19.88
19.8816
19.8831
19.8847
19.8863
19.8879
19.8894
19.891
19.8925
19.894
19.8956
19.8971
19.8986
19.9001
19.9016
19.9031
19.9046
19.906
19.9075
19.909
19.9104
19.9119
19.9133
19.9147
19.9162
19.9176
19.919
19.9204
19.9218
19.9232
19.9245
19.9259
19.9273
19.9286
19.93
19.9313
19.9327
19.934
19.9353
19.9367
19.938
19.9393
19.9406
19.9419
19.9432
19.9444
19.9457
19.947
19.9482
19.9495
19.9508
19.952
19.9532
19.9545
19.9557
19.9569
19.9581
19.9593
19.9605
19.9617
19.9629
19.9641
19.9653
19.9664
19.9676
19.9688
19.9699
19.9711
19.9722
19.9733
19.9745
19.9756
19.9767
19.9778
19.9789
19.98
19.9811
19.9822
19.9833
19.9844
19.9855
19.9865
19.9876
19.9887
19.9897
19.9908
19.9918
19.9929
19.9939
19.9949
19.9959
19.997
19.998
19.999
20
20.001
0
0
0
0
0
0
0
0
0
0
0
0
0
0
0
0
0
0
0
0
0
0.100748
0.200993
0.300739
0.399987
0.49874
0.597
0.694771
0.792053
0.888851
0.985166
1.081
1.17636
1.27124
1.36564
1.45958
1.55305
1.64605
1.73859
1.83067
1.92228
2.01344
2.10415
2.1944
2.28421
2.37356
2.46247
2.55094
2.63896
2.72655
2.8137
2.90041
2.9867
3.07255
3.15797
3.24297
3.32754
3.41169
3.49543
3.57874
3.66164
3.74412
3.8262
3.90786
3.98912
4.06997
4.15042
4.23047
4.31012
4.38937
4.46822
4.54669
4.62476
4.70244
4.77973
4.85664
4.93317
5.00931
5.08508
5.16046
5.23547
5.31011
5.38437
5.45826
5.53179
5.60495
5.67774
5.75017
5.82224
5.89395
5.9653
6.0363
6.10694
6.17723
6.24717
6.31676
6.386
6.4549
6.52345
6.59166
6.65954
6.72707
6.79426
6.86113
6.92765
6.99385
7.05972
7.12525
7.19046
7.25535
7.31991
7.38415
7.44807
7.51167
7.57495
7.63792
7.70058
7.76292
7.82495
7.88667
7.94808
8.00919
8.06999
8.13049
8.19068
8.25058
8.31018
8.36948
8.42849
8.4872
8.54561
8.60374
8.66158
8.71913
8.77639
8.83336
8.89005
8.94646
9.00259
9.05844
9.114
9.1693
9.22431
9.27905
9.33352
9.38772
9.44165
9.4953
9.54869
9.60182
9.65468
9.70727
9.7596
9.81167
9.86349
9.91504
9.96634
10.0174
10.0682
10.1187
10.169
10.219
10.2688
10.3183
10.3676
10.4166
10.4654
10.514
10.5623
10.6104
10.6582
10.7058
10.7531
10.8003
10.8471
10.8938
10.9402
10.9864
11.0323
11.0781
11.1236
11.1688
11.2139
11.2587
11.3033
11.3477
11.3918
11.4357
11.4794
11.5229
11.5662
11.6093
11.6521
11.6948
11.7372
11.7794
11.8214
11.8632
11.9048
11.9461
11.9873
12.0283
12.069
12.1096
12.1499
12.1901
12.23
12.2698
12.3093
12.3487
12.3878
12.4268
12.4656
12.5041
12.5425
12.5807
12.6187
12.6565
12.6942
12.7316
12.7688
12.8059
12.8428
12.8795
12.916
12.9523
12.9885
13.0244
13.0602
13.0958
13.1313
13.1665
13.2016
13.2365
13.2712
13.3058
13.3402
13.3744
13.4084
13.4423
13.476
13.5095
13.5429
13.5761
13.6091
13.642
13.6747
13.7073
13.7397
13.7719
13.8039
13.8358
13.8676
13.8992
13.9306
13.9619
13.993
14.0239
14.0547
14.0854
14.1159
14.1462
14.1764
14.2065
14.2364
14.2661
14.2957
14.3251
14.3544
14.3836
14.4126
14.4415
14.4702
14.4988
14.5272
14.5555
14.5836
14.6117
14.6395
14.6673
14.6949
14.7223
14.7496
14.7768
14.8039
14.8308
14.8576
14.8842
14.9107
14.9371
14.9633
14.9895
15.0155
15.0413
15.067
15.0926
15.1181
15.1435
15.1687
15.1938
15.2187
15.2436
15.2683
15.2929
15.3174
15.3417
15.366
15.3901
15.4141
15.4379
15.4617
15.4853
15.5088
15.5322
15.5555
15.5787
15.6017
15.6247
15.6475
15.6702
15.6928
15.7153
15.7376
15.7599
15.782
15.8041
15.826
15.8478
15.8695
15.8911
15.9126
15.934
15.9553
15.9764
15.9975
16.0184
16.0393
16.0601
16.0807
16.1012
16.1217
16.142
16.1623
16.1824
16.2024
16.2224
16.2422
16.262
16.2816
16.3011
16.3206
16.3399
16.3592
16.3783
16.3974
16.4164
16.4352
16.454
16.4727
16.4913
16.5098
16.5282
16.5465
16.5647
16.5829
16.6009
16.6189
16.6367
16.6545
16.6722
16.6898
16.7073
16.7247
16.742
16.7593
16.7764
16.7935
16.8105
16.8274
16.8442
16.861
16.8776
16.8942
16.9107
16.9271
16.9434
16.9596
16.9758
16.9919
17.0079
17.0238
17.0397
17.0554
17.0711
17.0867
17.1022
17.1177
17.1331
17.1483
17.1636
17.1787
17.1938
17.2088
17.2237
17.2385
17.2533
17.268
17.2826
17.2972
17.3117
17.3261
17.3404
17.3547
17.3689
17.383
17.397
17.411
17.4249
17.4388
17.4525
17.4662
17.4799
17.4934
17.5069
17.5204
17.5337
17.547
17.5603
17.5734
17.5865
17.5996
17.6125
17.6254
17.6383
17.651
17.6638
17.6764
17.689
17.7015
17.714
17.7264
17.7387
17.751
17.7632
17.7754
17.7875
17.7995
17.8115
17.8234
17.8352
17.847
17.8588
17.8704
17.8821
17.8936
17.9051
17.9166
17.9279
17.9393
17.9506
17.9618
17.9729
17.984
17.9951
18.0061
18.017
18.0279
18.0388
18.0495
18.0603
18.0709
18.0816
18.0921
18.1026
18.1131
18.1235
18.1339
18.1442
18.1544
18.1646
18.1748
18.1849
18.1949
18.2049
18.2149
18.2248
18.2346
18.2444
18.2542
18.2639
18.2735
18.2832
18.2927
18.3022
18.3117
18.3211
18.3305
18.3398
18.3491
18.3583
18.3675
18.3766
18.3857
18.3948
18.4038
18.4127
18.4217
18.4305
18.4394
18.4481
18.4569
18.4656
18.4742
18.4828
18.4914
18.4999
18.5084
18.5168
18.5252
18.5336
18.5419
18.5502
18.5584
18.5666
18.5747
18.5828
18.5909
18.5989
18.6069
18.6148
18.6228
18.6306
18.6384
18.6462
18.654
18.6617
18.6694
18.677
18.6846
18.6922
18.6997
18.7072
18.7146
18.722
18.7294
18.7367
18.744
18.7513
18.7585
18.7657
18.7728
18.78
18.787
18.7941
18.8011
18.8081
18.815
18.8219
18.8288
18.8356
18.8424
18.8492
18.856
18.8627
18.8693
18.876
18.8826
18.8891
18.8957
18.9022
18.9087
18.9151
18.9215
18.9279
18.9342
18.9405
18.9468
18.9531
18.9593
18.9655
18.9716
18.9778
18.9839
18.9899
18.996
19.002
19.0079
19.0139
19.0198
19.0257
19.0315
19.0374
19.0432
19.0489
19.0547
19.0604
19.0661
19.0717
19.0774
19.083
19.0885
19.0941
19.0996
19.1051
19.1105
19.116
19.1214
19.1268
19.1321
19.1374
19.1427
19.148
19.1533
19.1585
19.1637
19.1688
19.174
19.1791
19.1842
19.1893
19.1943
19.1993
19.2043
19.2093
19.2142
19.2191
19.224
19.2289
19.2337
19.2386
19.2433
19.2481
19.2529
19.2576
19.2623
19.267
19.2716
19.2763
19.2809
19.2854
19.29
19.2945
19.2991
19.3036
19.308
19.3125
19.3169
19.3213
19.3257
19.33
19.3344
19.3387
19.343
19.3473
19.3515
19.3558
19.36
19.3642
19.3683
19.3725
19.3766
19.3807
19.3848
19.3889
19.3929
19.3969
19.4009
19.4049
19.4089
19.4128
19.4168
19.4207
19.4246
19.4284
19.4323
19.4361
19.4399
19.4437
19.4475
19.4512
19.455
19.4587
19.4624
19.4661
19.4697
19.4734
19.477
19.4806
19.4842
19.4877
19.4913
19.4948
19.4983
19.5018
19.5053
19.5088
19.5122
19.5157
19.5191
19.5225
19.5259
19.5292
19.5326
19.5359
19.5392
19.5425
19.5458
19.549
19.5523
19.5555
19.5587
19.5619
19.5651
19.5683
19.5714
19.5746
19.5777
19.5808
19.5839
19.587
19.59
19.5931
19.5961
19.5991
19.6021
19.6051
19.608
19.611
19.6139
19.6169
19.6198
19.6227
19.6255
19.6284
19.6313
19.6341
19.6369
19.6397
19.6425
19.6453
19.6481
19.6508
19.6536
19.6563
19.659
19.6617
19.6644
19.667
19.6697
19.6723
19.675
19.6776
19.6802
19.6828
19.6854
19.6879
19.6905
19.693
19.6956
19.6981
19.7006
19.7031
19.7056
19.708
19.7105
19.7129
19.7153
19.7178
19.7202
19.7226
19.7249
19.7273
19.7297
19.732
19.7343
19.7367
19.739
19.7413
19.7436
19.7458
19.7481
19.7504
19.7526
19.7548
19.7571
19.7593
19.7615
19.7637
19.7658
19.768
19.7701
19.7723
19.7744
19.7765
19.7787
19.7808
19.7829
19.7849
19.787
19.7891
19.7911
19.7932
19.7952
19.7972
19.7992
19.8012
19.8032
19.8052
19.8071
19.8091
19.8111
19.813
19.8149
19.8168
19.8188
19.8207
19.8226
19.8244
19.8263
19.8282
19.83
19.8319
19.8337
19.8355
19.8374
19.8392
19.841
19.8427
19.8445
19.8463
19.8481
19.8498
19.8516
19.8533
19.855
19.8568
19.8585
19.8602
19.8619
19.8636
19.8652
19.8669
19.8686
19.8702
19.8719
19.8735
19.8751
19.8767
19.8784
19.88
19.8816
19.8831
19.8847
19.8863
19.8879
19.8894
19.891
19.8925
19.894
19.8956
19.8971
19.8986
19.9001
19.9016
19.9031
19.9046
19.906
19.9075
19.909
19.9104
19.9119
19.9133
19.9147
19.9162
19.9176
19.919
19.9204
19.9218
19.9232
19.9245
19.9259
19.9273
19.9286
19.93
19.9313
19.9327
19.934
19.9353
19.9367
19.938
19.9393
19.9406
19.9419
19.9432
19.9444
19.9457
19.947
19.9482
19.9495
19.9508
19.952
19.9532
19.9545
19.9557
19.9569
19.9581
19.9593
19.9605
19.9617
19.9629
19.9641
19.9653
19.9664
19.9676
19.9688
19.9699
19.9711
19.9722
19.9733
19.9745
19.9756
19.9767
19.9778
19.9789
19.98
19.9811
19.9822
19.9833
19.9844
19.9855
19.9865
19.9876
19.9887
19.9897
19.9908
19.9918
19.9929
19.9939
19.9949
19.9959
19.997
19.998
19.999
20
20.001
0
0
0
0
0
0
0
0
0
0
0
0
0
0
0
0
0
0
0
0
0
0.100748
0.200993
0.300739
0.399987
0.49874
0.597
0.694771
0.792053
0.888851
0.985166
1.081
1.17636
1.27124
1.36564
1.45958
1.55305
1.64605
1.73859
1.83067
1.92228
2.01344
2.10415
2.1944
2.28421
2.37356
2.46247
2.55094
2.63896
2.72655
2.8137
2.90041
2.9867
3.07255
3.15797
3.24297
3.32754
3.41169
3.49543
3.57874
3.66164
3.74412
3.8262
3.90786
3.98912
4.06997
4.15042
4.23047
4.31012
4.38937
4.46822
4.54669
4.62476
4.70244
4.77973
4.85664
4.93317
5.00931
5.08508
5.16046
5.23547
5.31011
5.38437
5.45826
5.53179
5.60495
5.67774
5.75017
5.82224
5.89395
5.9653
6.0363
6.10694
6.17723
6.24717
6.31676
6.386
6.4549
6.52345
6.59166
6.65954
6.72707
6.79426
6.86113
6.92765
6.99385
7.05972
7.12525
7.19046
7.25535
7.31991
7.38415
7.44807
7.51167
7.57495
7.63792
7.70058
7.76292
7.82495
7.88667
7.94808
8.00919
8.06999
8.13049
8.19068
8.25058
8.31018
8.36948
8.42849
8.4872
8.54561
8.60374
8.66158
8.71913
8.77639
8.83336
8.89005
8.94646
9.00259
9.05844
9.114
9.1693
9.22431
9.27905
9.33352
9.38772
9.44165
9.4953
9.54869
9.60182
9.65468
9.70727
9.7596
9.81167
9.86349
9.91504
9.96634
10.0174
10.0682
10.1187
10.169
10.219
10.2688
10.3183
10.3676
10.4166
10.4654
10.514
10.5623
10.6104
10.6582
10.7058
10.7531
10.8003
10.8471
10.8938
10.9402
10.9864
11.0323
11.0781
11.1236
11.1688
11.2139
11.2587
11.3033
11.3477
11.3918
11.4357
11.4794
11.5229
11.5662
11.6093
11.6521
11.6948
11.7372
11.7794
11.8214
11.8632
11.9048
11.9461
11.9873
12.0283
12.069
12.0088
11.9489
11.8893
11.83
11.771
11.7123
11.6539
11.5958
11.5379
11.4804
11.4231
11.3662
11.3095
11.2531
11.1969
11.1411
11.0855
11.0302
10.9752
10.9205
10.866
10.8118
10.7579
10.7043
10.6509
10.5977
10.5449
10.4923
10.44
10.3879
10.3361
10.2845
10.2332
10.1822
10.1314
10.0809
10.0306
9.98058
9.9308
9.88127
9.83199
9.78295
9.73416
9.68561
9.6373
9.58923
9.54141
9.49382
9.44647
9.39935
9.35248
9.30583
9.25942
9.21324
9.16728
9.12156
9.07607
9.0308
8.98576
8.94094
8.89635
8.85198
8.80783
8.7639
8.72019
8.6767
8.63342
8.59036
8.54752
8.50489
8.46247
8.42026
8.37827
8.33648
8.2949
8.25353
8.21237
8.17141
8.13065
8.0901
8.04975
8.0096
7.96965
7.92991
7.89035
7.851
7.81184
7.77288
7.73412
7.69554
7.65716
7.61897
7.58097
7.54316
7.50554
7.4681
7.43086
7.39379
7.35692
7.32023
7.28372
7.24739
7.21124
7.17527
7.13949
7.10388
7.06845
7.03319
6.99812
6.96321
6.92848
6.89393
6.85954
6.82533
6.79129
6.75742
6.72372
6.69018
6.65681
6.62361
6.59058
6.55771
6.525
6.49246
6.46008
6.42786
6.3958
6.3639
6.33216
6.30058
6.26915
6.23788
6.20677
6.17582
6.14501
6.11437
6.08387
6.05353
6.02333
5.99329
5.9634
5.93366
5.90406
5.87462
5.84532
5.81616
5.78716
5.75829
5.72957
5.701
5.67256
5.64427
5.61612
5.58811
5.56024
5.53251
5.50491
5.47746
5.45014
5.42296
5.39591
5.369
5.34222
5.31557
5.28906
5.26268
5.23644
5.21032
5.18433
5.15848
5.13275
5.10715
5.08168
5.05633
5.03111
5.00602
4.98105
4.95621
4.93149
4.90689
4.88242
4.85807
4.83384
4.80973
4.78574
4.76187
4.73812
4.71449
4.69098
4.66758
4.6443
4.62114
4.59809
4.57516
4.55234
4.52963
4.50704
4.48456
4.4622
4.43994
4.4178
4.39576
4.37384
4.35202
4.33032
4.30872
4.28723
4.26585
4.24457
4.2234
4.20234
4.18138
4.16052
4.13977
4.11913
4.09858
4.07814
4.0578
4.03756
4.01742
3.99739
3.97745
3.95761
3.93787
3.91823
3.89869
3.87925
3.8599
3.84065
3.82149
3.80243
3.78347
3.7646
3.74582
3.72714
3.70855
3.69005
3.67165
3.65334
3.63512
3.61699
3.59895
3.581
3.56314
3.54536
3.52768
3.51009
3.49258
3.47516
3.45783
3.44058
3.42342
3.40635
3.38936
3.37246
3.35564
3.3389
3.32225
3.30568
3.28919
3.27278
3.25646
3.24022
3.22406
3.20798
3.19198
3.17606
3.16022
3.14446
3.12877
3.11317
3.09764
3.08219
3.06682
3.05152
3.0363
3.02116
3.00609
2.9911
2.97618
2.96134
2.94657
2.93187
2.91725
2.9027
2.88822
2.87382
2.85948
2.84522
2.83103
2.81691
2.80286
2.78888
2.77497
2.76113
2.74736
2.73366
2.72002
2.70646
2.69296
2.67953
2.66616
2.65287
2.63964
2.62647
2.61337
2.60034
2.58737
2.57446
2.56162
2.54885
2.53613
2.52349
2.5109
2.49838
2.48592
2.47352
2.46118
2.44891
2.43669
2.42454
2.41245
2.40041
2.38844
2.37653
2.36468
2.35288
2.34115
2.32947
2.31785
2.30629
2.29479
2.28334
2.27196
2.26062
2.24935
2.23813
2.22697
2.21586
2.20481
2.19381
2.18287
2.17198
2.16115
2.15037
2.13965
2.12898
2.11836
2.10779
2.09728
2.08682
2.07641
2.06606
2.05575
2.0455
2.0353
2.02514
2.01504
2.00499
1.99499
1.98504
1.97514
1.96529
1.95549
1.94574
1.93603
1.92638
1.91677
1.90721
1.8977
1.88823
1.87881
1.86944
1.86012
1.85084
1.84161
1.83243
1.82329
1.81419
1.80515
1.79614
1.78718
1.77827
1.7694
1.76058
1.7518
1.74306
1.73436
1.72571
1.71711
1.70854
1.70002
1.69154
1.68311
1.67471
1.66636
1.65805
1.64978
1.64155
1.63336
1.62522
1.61711
1.60905
1.60102
1.59304
1.58509
1.57718
1.56932
1.56149
1.5537
1.54595
1.53824
1.53057
1.52294
1.51534
1.50778
1.50026
1.49278
1.48534
1.47793
1.47056
1.46322
1.45592
1.44866
1.44144
1.43425
1.4271
1.41998
1.4129
1.40585
1.39884
1.39186
1.38492
1.37801
1.37114
1.3643
1.35749
1.35072
1.34399
1.33728
1.33061
1.32398
1.31737
1.3108
1.30427
1.29776
1.29129
1.28485
1.27844
1.27206
1.26572
1.25941
1.25313
1.24688
1.24066
1.23447
1.22831
1.22219
1.21609
1.21003
1.20399
1.19799
1.19201
1.18606
1.18015
1.17426
1.16841
1.16258
1.15678
1.15101
1.14527
1.13956
1.13388
1.12822
1.12259
1.11699
1.11142
1.10588
1.10036
1.09488
1.08942
1.08398
1.07858
1.0732
1.06784
1.06252
1.05722
1.05195
1.0467
1.04148
1.03628
1.03112
1.02597
1.02086
1.01576
1.0107
1.00566
1.00064
0.995651
0.990685
0.985744
0.980827
0.975935
0.971068
0.966225
0.961406
0.956611
0.951839
0.947092
0.942368
0.937668
0.932992
0.928338
0.923708
0.919101
0.914517
0.909956
0.905418
0.900902
0.896409
0.891938
0.887489
0.883063
0.878659
0.874276
0.869916
0.865577
0.86126
0.856964
0.85269
0.848437
0.844206
0.839995
0.835806
0.831637
0.827489
0.823362
0.819256
0.81517
0.811104
0.807059
0.803033
0.799028
0.795043
0.791078
0.787132
0.783206
0.7793
0.775413
0.771546
0.767698
0.763869
0.760059
0.756268
0.752496
0.748743
0.745009
0.741293
0.737596
0.733917
0.730257
0.726615
0.722991
0.719385
0.715797
0.712227
0.708675
0.70514
0.701623
0.698124
0.694642
0.691177
0.68773
0.6843
0.680887
0.677491
0.674112
0.67075
0.667405
0.664076
0.660764
0.657468
0.654189
0.650926
0.64768
0.644449
0.641235
0.638037
0.634855
0.631688
0.628538
0.625403
0.622284
0.61918
0.616092
0.613019
0.609962
0.60692
0.603893
0.600881
0.597884
0.594902
0.591935
0.588982
0.586045
0.583122
0.580214
0.57732
0.57444
0.571575
0.568725
0.565888
0.563066
0.560257
0.557463
0.554683
0.551916
0.549164
0.546425
0.543699
0.540988
0.538289
0.535605
0.532933
0.530275
0.527631
0.524999
0.522381
0.519775
0.517183
0.514603
0.512037
0.509483
0.506942
0.504413
0.501898
0.499394
0.496904
0.494425
0.491959
0.489506
0.487064
0.484635
0.482218
0.479813
0.47742
0.475039
0.472669
0.470312
0.467966
0.465632
0.46331
0.460999
0.4587
0.456412
0.454136
0.451871
0.449617
0.447375
0.445143
0.442923
0.440714
0.438516
0.436329
0.434153
0.431987
0.429833
0.427689
0.425556
0.423433
0.421322
0.41922
0.417129
0.415049
0.412979
0.410919
0.40887
0.40683
0.404801
0.402782
0.400773
0.398775
0.396786
0.394807
0.392838
0.390878
0.388929
0.386989
0.385059
0.383138
0.381228
0.379326
0.377434
0.375552
0.373679
0.371815
0.369961
0.368115
0.366279
0.364453
0.362635
0.360826
0.359027
0.357236
0.355454
0.353681
0.351917
0.350162
0.348416
0.346678
0.344949
0.343228
0.341517
0.339813
0.338118
0.336432
0.334754
0.333085
0.331423
0.32977
0.328126
0.326489
0.324861
0.32324
0.321628
0.320024
0.318428
0.31684
0.31526
0.313687
0.312123
0.310566
0.309017
0.307476
0.305942
0.304416
0.302898
0.301387
0.299884
0.298389
0.2969
0.295419
0.293946
0.29248
0.291021
0.28957
0.288126
0.286689
0.285259
0.283836
0.28242
0.281012
0.27961
0.278216
0.276828
0.275447
0.274074
0.272707
0.271346
0.269993
0.268646
0.267307
0.265973
0.264647
0.263327
0.262014
0.260707
0.259407
0.258113
0.256825
0.255544
0.25427
0.253002
0.25174
0.250484
0.249235
0.247992
0.246755
0.245524
0.2443
0.243081
0.241869
0.240663
0.239462
0.238268
0.23708
0.235897
0.234721
0.23355
0.232385
0.231226
0.230073
0.228925
0.227784
0.226648
0.225517
0.224392
0.223273
0.22216
0.221052
0.219949
0.218852
0.217761
0.216675
0.215594
0.214519
0.213449
0.212384
0.211325
0.210271
0.209222
0.208179
0.20714
0.206107
0.205079
0.204056
0.203039
0.202026
0.201018
0.200016
0.199018
0.198026
0.197038
0.196055
0.195077
0.194104
0.193136
0.192173
0.191215
0.190261
0.189312
0.188368
0.187428
0.186493
0.185563
0.184638
0.183717
0.182801
0.181889
0.180982
0.180079
0.179181
0.178287
0.177398
0.176513
0.175633
0.174757
0.173885
0.173018
0.172155
0.171297
0.170442
0.169592
0.168746
0.167905
0.167067
0.166234
0.165405
0.16458
0.163759
0.162942
0.16213
0.161321
0.160516
0.159716
0.158919
0.158127
0.157338
0.156553
0.155772
0.154996
0.154222
0.153453
0.152688
0.151926
0.151169
0.150415
0.149665
0.148918
0.148175
0.147436
0.146701
0.145969
0.145241
0.144517
0.143796
0.143079
0.142365
0.141655
0.140949
0.140246
0.139546
0.13885
0.138158
0.137469
0.136783
0.136101
0.135422
0.134747
0.134075
0.133406
0.132741
0.132078
0.13142
0.130764
0.130112
0.129463
0.128817
0.128175
0.127536
0.1269
0.126267
0.125637
0.12501
0.124387
0.123766
0.123149
0.122535
0.121924
0.121316
0.120711
0.120109
0.11951
0.118914
0.11832
0.11773
0.117143
0.116559
0.115978
0.115399
0.114824
0.114251
0.113681
0.113114
0.11255
0.111989
0.11143
0.110874
0.110321
0.109771
0.109224
0.108679
0.108137
0.107597
0.107061
0.106527
0.105995
0.105467
0.104941
0.104417
0.103897
0.103378
0.102863
0.10235
0.101839
0.101331
0.100826
0.100323
0.0998228
0.0993249
0.0988295
0.0983366
0.0978461
0.0973581
0.0968726
0.0963894
0.0959087
0.0954303
0.0949544
0.0944808
0.0940095
0.0935407
0.0930741
0.0926099
0.092148
0.0916884
0.0912311
0.0907761
0.0903234
0.0898729
0.0894246
0.0889786
0.0885349
0.0880933
0.0876539
0.0872167
0.0867817
0.0863489
0.0859183
0.0854897
0.0850634
0.0846391
0.084217
0.0837969
0.083379
0.0829631
0.0825494
0.0821376
0.081728

